100 200
1 2
1 5
63 74
60 96
13 33
64 93
6 76
10 32
54 71
42 82
62 99
10 22
38 62
58 84
31 98
17 72
42 73
93 97
9 69
66 78
48 58
63 71
80 91
59 97
6 79
2 75
28 29
24 98
59 66
32 81
13 33
81 95
58 65
6 15
61 99
61 74
70 80
13 19
25 84
65 83
29 100
70 93
44 90
25 76
36 40
40 59
76 96
8 85
63 84
18 52
73 80
6 36
42 97
22 46
31 96
27 35
31 89
92 95
25 92
57 74
42 57
71 99
2 25
13 100
7 29
12 41
43 97
82 91
8 64
25 43
82 85
35 88
15 19
18 97
6 29
81 87
54 67
4 10
34 75
35 75
68 99
69 90
12 22
48 60
19 38
67 87
62 92
15 57
20 67
20 77
55 90
53 78
2 3
32 95
4 73
26 46
20 49
3 73
41 74
35 50
43 77
30 96
15 69
83 92
80 92
60 74
35 92
34 50
24 58
28 37
3 74
49 87
28 49
4 70
9 93
6 37
44 60
21 50
65 86
18 87
17 25
10 89
53 86
4 15
59 99
5 70
41 75
50 97
13 62
35 44
71 89
10 33
14 34
47 91
26 91
23 26
3 75
16 27
51 56
23 63
28 34
46 93
44 81
18 39
27 86
30 90
87 94
51 99
26 66
50 98
14 37
38 87
81 82
7 47
14 34
18 48
30 75
43 96
28 78
66 91
19 88
3 74
36 99
55 100
44 94
14 70
59 98
77 98
44 50
40 51
3 48
20 31
8 65
70 86
64 91
15 52
65 66
39 66
32 88
61 91
13 28
24 84
25 27
34 93
9 47
64 90
51 76
5 57
54 57
8 78
10 85
28 69
52 61
10 92
20 62
36 84
57 95
70 79
16 85
14 39
