18435818
547453383
90134284
315682215
216541514
417850288
235511112
16577605
443682025
766663848
125230082
399451284
768185215
817603018
48741
48769374
912970083
380304802
443834800
723825706
516090079
351773323
892057233
87749501
227688859
844115595
249445501
723658920
296399002
153240005
10747868
42488198
230313203
960459339
480928137
959402961
533460562
641942923
26369090
715991528
338611812
640557479
184911667
819691275
668003136
830420177
511159016
343881366
215259433
418924932
830403134
859036797
156184407
961186002
561347648
27971244
963583965
887275206
403102060
543848774
468160196
849879364
256114869
800703868
310193800
375555080
814179190
942891319
424585079
819458127
286428602
882658169
832309632
581687947
158800442
440031109
394790464
464812970
172725691
704082058
80980862
694911193
839943021
328310123
273060096
171175115
31398969
334902324
533150038
20126707
832376835
704179706
231348396
122131576
17625393
155511884
118340939
166551073
343112122
193276411
38795954
952875353
57671663
433677845
257493616
109736628
799024029
62866920
359901137
74572201
785758300
906243009
959144479
434754558
277575540
824023818
26794147
524378328
385387753
894229149
784818319
820866312
525147092
828536080
168923532
134191002
966579003
19214532
132562874
852280399
631408312
251913434
755854617
8896588
878419775
131423578
465883422
489025243
136370761
876386747
912460639
234695408
429833817
206566981
439648188
631439481
185104750
117874333
785221234
992128762
268633732
137352138
37789403
64424802
659252929
780626809
993521360
265240923
936445080
802611477
108870058
577379851
768791228
483436096
515928808
898111535
948600112
833934319
17276471
5548313
434082596
166693471
154613805
292479028
41401837
888970042
944910092
684583321
18863244
38969380
367569011
939332936
381655838
338649789
850792596
548076172
295026778
362373113
694156651
35724535
405483555
98189107
459373869
458241161
140454132
440037229
971570392
268593302
335473581
464168677
836685174
260460057
362359142
139647973
690838322
42618878
429492233
667698915
164874040
73857030
158682900
727006471
43725400
419206353
75372845
314905659
967459862
253747820
966536984
248691285
925148356
778883977
459493589
137513645
240563034
699532970
979994859
993845711
526981067
3639333
665302618
81036393
446779692
783037260
845364510
422469454
543143655
342328083
24051507
974100381
547643549
4557711
789011990
281732053
643464744
613988014
702812362
262792961
825727433
126549157
11966477
425705704
548926230
342595656
481760655
557908681
108953923
371922666
481053101
398900517
347306392
812547217
735040738
114431606
378683888
48371715
456297007
659169780
355656328
456632520
333478866
274243586
12725995
359815030
810284594
415925863
234255524
807556784
145906001
515942233
522448014
360400673
250599685
970965632
385873693
531439236
118998116
870368102
352094082
255088727
260079292
485880689
228538234
313974978
239288689
678996022
133093191
683678036
580565588
465777003
