60 87
57 58 -2
58 59 -3
57 59 -3
55 56 -4
56 57 -5
55 57 -5
53 54 -8
54 55 -9
53 55 -9
51 52 -16
52 53 -17
51 53 -17
49 50 -32
50 51 -33
49 51 -33
47 48 -64
48 49 -65
47 49 -65
45 46 -128
46 47 -129
45 47 -129
43 44 -256
44 45 -257
43 45 -257
41 42 -512
42 43 -513
41 43 -513
39 40 -1024
40 41 -1025
39 41 -1025
37 38 -2048
38 39 -2049
37 39 -2049
35 36 -4096
36 37 -4097
35 37 -4097
33 34 -8192
34 35 -8193
33 35 -8193
31 32 -16384
32 33 -16385
31 33 -16385
29 30 -32768
30 31 -32769
29 31 -32769
27 28 -65536
28 29 -65537
27 29 -65537
25 26 -131072
26 27 -131073
25 27 -131073
23 24 -262144
24 25 -262145
23 25 -262145
21 22 -524288
22 23 -524289
21 23 -524289
19 20 -1048576
20 21 -1048577
19 21 -1048577
17 18 -2097152
18 19 -2097153
17 19 -2097153
15 16 -4194304
16 17 -4194305
15 17 -4194305
13 14 -8388608
14 15 -8388609
13 15 -8388609
11 12 -16777216
12 13 -16777217
11 13 -16777217
9 10 -33554432
10 11 -33554433
9 11 -33554433
7 8 -67108864
8 9 -67108865
7 9 -67108865
5 6 -134217728
6 7 -134217729
5 7 -134217729
3 4 -268435456
4 5 -268435457
3 5 -268435457
1 2 -536870912
2 3 -536870913
1 3 -536870913
