2000 22
673 1755
572 1696
1997 1464
260 1836
1303 216
28 866
900 632
355 1152
1744 722
1873 1645
476 1130
1071 579
0 1415
199 60
242 1666
1693 619
800 20
1916 1844
1432 814
1865 853
1244 339
314 1625
1310 1601
227 1979
1084 1472
354 1408
1867 1083
419 1341
211 1895
77 815
819 1996
569 1398
1952 1214
864 1696
1608 1964
1938 463
728 210
585 1973
290 114
1573 1030
1201 187
1009 502
467 838
1980 412
983 33
164 790
926 392
558 353
1486 744
517 1712
61 1133
842 1483
1425 1051
1027 817
1402 435
1787 773
1790 964
1215 1302
220 949
1947 1408
1228 375
294 1815
674 317
1636 1328
988 508
1663 622
763 1525
1109 158
1267 1870
147 1664
367 386
346 1063
1547 1741
1833 1919
549 450
1032 276
354 1557
1994 429
1740 884
1273 996
1688 989
1488 1528
287 1090
632 1193
162 1116
629 1438
1455 1258
527 502
697 591
586 433
344 503
615 492
393 519
1856 700
642 1750
599 1046
443 100
1619 946
1150 1576
1512 1539
413 1915
1306 592
106 114
1611 90
604 1249
338 199
896 1772
484 846
1441 524
516 110
959 1853
845 1200
105 1227
796 1837
1287 1312
1431 1000
1964 1931
444 613
973 1002
1552 1042
1965 1649
370 1444
1462 1058
1773 1676
1350 1415
1295 144
1226 233
308 474
964 174
762 817
424 149
48 1846
836 1210
1036 753
1639 1253
188 31
1796 1189
1293 546
1454 1524
548 460
807 1338
1518 1213
753 422
442 1831
130 185
1140 1181
554 1928
1654 245
1708 1512
1852 1978
787 1706
815 649
857 1368
1254 68
407 820
564 1076
1558 661
230 310
650 794
1142 994
1525 1777
1902 1113
1677 524
268 943
1587 122
1441 1782
1381 551
1321 1444
414 455
1286 1702
371 740
51 240
1753 630
163 1030
1349 119
1636 1496
1000 969
764 925
920 396
1366 1451
1711 588
407 1765
1226 14
1092 1321
1408 636
1944 1675
1582 1920
1424 1892
1715 1806
747 1981
355 877
1108 399
1896 358
1333 1884
750 880
1650 1189
1176 1280
1207 441
1455 1170
1510 530
718 1993
1776 1372
170 1769
354 1486
1922 1714
1945 1376
1314 1433
521 1060
71 993
640 1145
639 281
149 1935
1759 882
1008 355
186 1354
928 1322
1828 1104
1447 655
713 359
1216 458
1441 1069
1630 555
1603 10
1312 1223
1320 1063
985 1269
939 480
1470 270
870 963
500 1556
1373 925
123 479
1241 1417
520 1708
501 1279
1127 394
1481 1919
1493 806
708 1501
502 560
532 923
1611 1205
1255 53
1169 1348
628 1375
115 755
324 199
1222 527
1995 775
168 776
1320 956
927 1908
1514 742
1164 1005
283 1980
1787 948
653 1106
1980 1953
752 1880
51 1142
726 384
327 940
1437 478
1783 861
1047 988
663 1692
747 189
50 1464
1118 1000
1326 372
1057 1218
1427 1180
810 1747
154 588
1397 1740
669 1495
399 1507
685 1825
1877 1983
379 288
1268 631
1766 1193
917 1922
1910 1154
1766 1436
1592 1183
363 1192
1642 1989
1896 539
1314 1012
1696 240
1038 244
134 705
1750 419
1806 1718
64 821
639 1209
1724 1779
391 207
1335 1000
1447 737
619 1397
538 1948
987 353
199 587
226 1623
1942 1193
1407 1845
356 817
1779 230
686 1880
191 1957
1641 1069
1094 1786
1110 1860
1516 1351
717 1757
1426 1034
1717 627
329 847
859 675
1125 555
342 1309
908 1148
415 404
289 1491
1057 997
1175 1763
1795 1793
1843 321
524 1432
1288 1817
1356 457
708 595
374 158
1066 115
1710 1681
1733 1749
1327 1560
315 1225
1633 1678
1140 1403
1217 429
948 357
1239 208
1294 270
263 1801
1773 799
1217 1810
1383 836
507 1683
1168 679
1759 213
881 923
1995 1218
1405 372
296 1242
372 1611
399 1862
1166 647
855 977
1817 392
864 862
1826 1113
593 849
796 288
574 1178
800 1736
178 1740
386 1923
1847 1863
88 966
65 1631
1948 348
1142 1824
41 418
724 1615
1873 1851
434 785
1286 512
1711 1458
1427 30
331 1654
1967 136
1210 450
41 1934
1841 526
1181 565
210 253
1635 1373
823 355
529 1568
1304 506
489 950
828 1159
1781 386
192 182
548 1384
1624 1910
894 845
1449 1529
852 631
588 1190
222 173
252 1177
1299 1094
1455 158
1515 1730
1490 847
534 1893
1173 1530
1982 330
1839 1964
522 56
202 80
586 1830
550 912
886 640
1118 627
420 1039
736 865
1422 21
1065 1753
1995 959
245 1731
335 990
1739 1467
1659 1195
1695 406
864 1703
133 1605
1408 208
1109 1842
1325 43
361 419
1709 1809
1871 1142
967 244
349 355
1619 1525
122 1791
553 1718
1334 1156
912 593
1529 323
1541 230
1152 1386
430 1810
840 1102
629 1409
1918 1441
1687 1173
1947 1437
945 442
1817 1193
1584 914
1902 1164
444 836
1836 1371
1454 1453
1872 644
1658 1077
180 247
765 1684
1083 481
310 1761
932 1910
651 1275
888 121
1589 1
1341 902
1759 1608
1307 477
98 1857
726 911
524 624
1566 1910
1747 355
797 588
968 1398
1766 575
295 1430
270 1707
1041 215
1974 1257
1355 570
774 861
499 1253
1337 1350
21 658
699 1838
236 1654
1245 525
1083 1785
1316 125
449 1227
1207 834
1462 1119
32 1441
374 843
1149 1257
924 1548
51 1566
933 1560
1109 869
556 514
656 1991
1720 270
1290 1525
592 1199
548 1175
1565 1045
1774 1315
729 753
1961 977
163 1368
334 1659
439 1256
783 403
1247 1135
1945 1307
761 385
740 685
323 1899
1320 1124
37 273
1425 1446
1422 1236
1167 1595
407 1567
823 531
1490 1380
1927 320
1792 427
948 5
1201 1352
29 1093
532 244
1533 594
1667 1656
1132 931
1424 13
1247 879
79 144
1693 1709
628 949
1316 1302
330 701
1455 1118
935 1565
1086 1396
1367 367
635 262
1905 1711
1364 73
1855 203
1100 1069
1537 1318
338 1608
808 405
1254 1074
338 620
955 483
890 1726
1453 432
1705 942
707 75
1645 724
455 234
227 717
1037 1236
261 716
815 1091
145 304
1137 1287
746 1106
429 1829
918 1219
1814 1151
792 197
151 1898
89 371
1196 441
717 507
495 741
1620 1782
1373 1767
1974 1599
1395 265
254 1091
612 186
32 1955
238 1947
333 807
348 140
923 523
60 692
438 193
870 910
1930 1439
1588 923
1771 1970
1755 840
84 306
1165 1345
996 1644
541 776
1651 1607
41 266
268 1024
160 205
334 645
1173 596
1076 1009
1924 678
1332 957
1240 1879
719 1954
472 328
1476 514
1091 1737
1918 516
709 1295
493 766
1570 1184
640 1814
1176 1229
1997 1123
620 1048
1598 285
102 92
359 1352
192 986
85 552
1227 490
19 94
1134 1690
87 1520
807 1078
198 1393
141 1984
671 801
398 966
160 1084
987 229
1755 822
1525 780
1962 1998
1406 1210
541 1693
1703 1544
1775 1494
14 819
425 320
167 312
360 798
1014 1050
1725 1841
1392 1952
266 992
835 1144
338 1833
1363 1561
731 1527
1352 27
1181 1962
1465 1065
186 1357
411 689
1289 815
1947 1708
190 192
1927 9
119 169
1032 272
286 1489
49 165
1396 1836
766 437
1101 52
807 250
157 1312
1267 1859
371 1906
194 1029
1476 951
704 920
1418 1395
270 221
22 1503
181 205
1556 392
1414 1268
1651 1114
113 1257
1610 1166
310 303
423 1239
947 1529
473 933
892 1312
1070 448
1903 1970
1897 1319
1643 1159
591 993
970 881
1554 393
1171 285
354 925
312 1489
27 1547
1781 836
920 1660
1002 1981
1490 1912
1069 1892
144 182
836 1607
199 1594
1949 1635
683 1008
1823 1176
1804 569
574 719
273 274
1236 7
132 1969
1563 1601
141 1593
692 1850
636 325
1994 1799
144 1035
667 1423
1078 1713
1186 966
1452 182
1499 1892
502 374
1673 1081
1262 116
1890 1344
543 1689
1558 930
1911 500
1021 1424
47 441
916 1473
998 721
866 1886
151 854
778 850
802 1454
1248 931
1609 1758
1896 599
1128 1471
774 1122
219 334
480 620
1587 1671
1301 414
1125 34
1641 752
41 1387
830 1745
13 231
1522 1684
1569 1061
989 197
154 677
1854 63
1194 209
1490 811
279 214
240 1073
25 551
1667 1525
1628 922
1708 1674
165 135
119 376
1876 679
1641 851
864 1820
40 1649
302 370
795 1145
173 282
1546 800
1806 699
1283 1323
297 1320
487 1247
1466 194
1604 410
1115 1213
1680 7
1561 1265
1020 1340
982 1781
648 1601
99 1738
1317 51
446 1315
1462 1143
942 1340
1043 1204
502 552
179 974
1885 1082
765 788
109 1245
1345 778
1455 352
215 956
1574 735
465 159
1193 1244
1153 973
1162 1631
1693 1213
1520 102
7 1614
1391 631
1156 1278
88 1934
1565 889
256 1294
1252 292
127 1259
398 605
91 698
1529 1908
534 1316
1907 453
1836 1023
1144 1869
1778 1305
1152 1246
1425 1252
271 1974
381 305
587 1586
1969 1914
755 1585
396 354
1627 359
487 129
1987 830
1684 1073
1413 1741
29 277
354 524
868 1588
1070 815
1758 582
901 88
497 1209
577 536
429 1769
1675 485
1731 1235
413 217
1340 1015
330 1561
662 669
125 1616
1816 1802
221 829
813 1210
464 1440
1248 1782
156 385
1064 1506
1137 1120
300 1471
956 1961
1515 46
1684 1762
883 130
1832 1735
1317 1312
856 1084
1317 1067
361 1773
474 333
1507 921
1628 1982
1734 695
1841 1345
1753 979
1886 401
1861 294
906 1099
1351 840
442 272
124 207
465 440
1104 1400
1341 1642
1652 776
228 53
1085 1451
1548 1907
253 1237
913 32
1408 345
78 11
1921 1772
918 863
472 1941
1097 1434
1963 1275
1274 1690
1944 1968
683 631
235 1579
1487 1783
1314 708
620 1525
727 545
1053 930
909 864
670 1976
1782 1426
1428 649
1709 288
803 1012
1700 809
62 1508
1508 131
1489 555
159 832
611 1810
1483 718
447 389
379 1480
1138 602
1438 962
544 1556
1557 1468
462 448
363 56
752 1687
26 727
1422 1502
1934 1691
1312 1983
1390 193
694 1917
354 880
1724 1961
537 397
1276 430
1773 1281
1709 1902
486 165
576 105
1088 1230
295 458
1083 1013
1834 915
1938 1454
466 745
1193 1822
1309 1867
282 720
1546 1523
1536 1620
1699 673
1392 55
1975 1764
1291 739
429 173
885 1105
1709 1753
1359 1314
342 1514
421 981
1545 454
420 1867
1895 1744
248 60
13 252
920 1936
1565 1921
104 1939
145 1107
1059 1535
1814 1144
680 1775
827 594
1443 300
1534 762
78 753
1950 14
1655 367
1243 687
859 1750
1611 209
89 1766
754 325
373 1161
649 1789
1313 1270
4 162
1117 104
1459 1874
481 1900
308 468
812 838
152 459
125 1745
700 429
334 1131
1143 269
338 1051
589 736
965 1176
808 1655
763 280
532 68
851 197
1519 1775
756 1286
72 230
184 382
1520 934
524 1317
972 1736
113 19
1774 1728
1796 661
799 484
223 1940
61 1206
1143 1751
1749 606
1997 126
1796 599
590 1105
827 1674
613 389
1265 1928
1414 643
1818 1525
1348 1753
249 1498
1555 1384
548 130
1379 650
1791 789
1929 449
1207 409
656 1038
441 1902
1526 635
1318 774
640 1270
1777 1845
1963 536
999 521
936 66
1142 608
758 727
646 1708
1044 1174
542 1945
698 491
1571 1315
1432 602
384 39
826 1797
1326 1976
600 461
403 429
1875 1495
1972 1431
186 143
316 160
1295 1106
699 551
1051 847
1385 728
371 652
797 1550
1176 42
1870 475
758 601
1383 81
1883 1508
1344 560
952 165
1944 1562
223 149
608 132
452 1137
1492 1049
937 335
618 662
944 1770
1621 1000
1862 107
380 545
1801 1008
719 1693
515 478
1657 348
246 84
920 1249
739 711
642 1768
287 1285
1143 270
1236 1105
978 1843
1881 849
872 874
491 1127
760 276
271 1394
57 1559
598 1853
984 1225
1664 1300
1346 328
1749 1221
1041 1977
455 1909
205 798
444 400
1693 134
228 1408
1742 1156
1493 369
866 1018
1158 552
82 1103
1440 1696
1870 782
361 328
1070 275
1224 1493
1797 53
373 1583
1154 1849
201 1720
1795 1231
971 112
1077 957
1578 336
509 304
797 1139
1415 635
1467 587
1023 1250
581 668
705 336
1217 1322
495 1013
1868 416
1251 1609
1243 1177
908 571
961 1185
444 676
440 1008
17 180
1160 1048
160 949
633 1260
205 528
498 345
1090 361
1760 1258
439 1009
238 623
1440 1438
1504 1809
1579 371
340 819
1188 574
1179 234
1840 1396
249 953
1293 637
446 294
8 579
18 1960
114 158
74 863
1234 374
1971 1108
1872 562
640 1864
797 1990
961 101
499 1395
1550 960
173 597
244 1095
338 950
1324 1709
1355 128
825 696
1591 708
1633 991
1026 781
1686 1599
1902 1666
836 512
1393 1944
1801 1343
502 64
51 620
506 851
961 916
1447 444
504 921
1395 1557
145 1983
1059 1560
1811 1489
1594 1794
1019 567
204 605
1897 897
1700 1240
343 282
249 352
1008 1032
1921 1506
1105 547
309 445
206 67
365 836
347 1955
777 172
274 1424
328 865
350 501
1443 461
1010 1070
466 1341
1434 852
258 1412
1090 1087
898 436
1821 625
1908 332
988 1397
503 1543
1469 1616
572 1007
845 644
1634 592
1022 1856
923 54
1805 1654
1447 1921
1432 364
796 1821
1957 1220
150 734
771 1564
301 1535
1556 1043
35 1219
223 554
1813 1056
1421 588
462 1781
1198 1590
320 1048
908 1569
173 1781
1125 1629
132 216
1917 1651
1508 858
1868 1605
377 1046
1770 1986
1365 864
1144 644
1868 1952
1964 890
1055 604
328 1311
582 1004
1529 487
1730 1511
1814 382
895 465
1130 1589
1341 1272
1457 1815
1144 83
1475 1496
572 768
11 1513
351 1081
672 299
146 774
844 1134
815 289
1633 1619
363 88
36 262
957 461
1736 1286
607 1117
1637 851
1280 622
261 1664
1414 1362
599 114
114 645
1854 1923
1836 548
977 385
1682 1186
372 163
790 419
1284 984
1442 878
297 163
38 1306
1961 820
1953 681
60 1888
816 696
1231 65
906 1342
1269 1508
350 1937
1613 131
1648 931
80 841
1685 1924
1016 956
234 660
1455 155
146 73
1862 836
1395 1933
157 1479
1143 144
1567 1531
1044 1277
996 446
806 657
1640 1332
44 1290
1261 462
660 1136
982 479
1008 1693
260 1429
1463 617
245 1801
1961 816
1010 3
1758 840
1419 464
1708 1622
1412 1524
338 1551
6 1511
1258 521
436 60
1032 1920
173 1855
1978 1111
840 1025
1385 257
1282 1336
1461 1001
1075 1500
1577 1924
524 114
171 284
1193 112
166 315
1320 650
1051 1764
507 1955
1242 1925
141 1441
1957 1696
548 1278
563 1374
406 1049
241 642
751 1293
1697 216
1263 911
900 1323
1947 753
1488 505
1121 1222
298 457
200 348
349 218
1902 1695
1691 1089
419 1142
957 1225
552 206
1595 800
1000 111
624 1812
69 741
524 1981
52 665
1882 111
32 1569
573 512
1006 1601
257 839
1330 1445
1519 160
926 518
1670 929
194 620
1231 583
396 1042
1277 1651
1664 739
1290 1361
259 372
431 1272
160 177
1329 148
1857 1655
1308 18
402 429
1332 1298
1519 1916
1813 1008
1330 1915
1873 1732
239 838
805 1902
95 489
193 382
1779 96
407 103
1706 616
1738 307
390 1083
368 325
1247 391
1736 755
27 1227
1558 1211
1103 1693
434 1099
1091 511
976 1953
759 1736
710 1698
770 1981
682 1063
1872 1800
32 319
62 1997
1485 212
914 1823
1809 1675
941 502
570 1073
1209 1529
1492 1147
1450 644
827 1778
1709 1317
1549 898
361 1172
1054 406
603 407
134 255
1612 1513
1292 1593
1476 121
294 488
1724 1347
1790 1326
987 1921
341 1836
1415 210
243 1481
366 1532
182 757
1594 1360
1448 866
1643 1255
1679 917
120 1524
10 1574
1369 689
1692 175
807 872
502 1127
1474 795
708 1816
1706 987
156 963
318 689
1689 1509
328 1133
1792 948
1415 1014
638 434
1358 1755
200 1110
935 226
560 165
1966 969
917 1415
904 1539
784 1899
152 1262
588 113
1441 1031
1461 560
1485 363
1698 1708
671 268
43 437
671 1477
931 1625
1628 1072
492 1220
770 1889
530 1733
1665 554
597 1410
1781 1709
289 151
1402 706
876 77
1198 944
1069 268
723 1598
1588 1617
979 1231
1345 1535
681 1722
1071 1756
1567 1112
141 1916
1696 1141
1445 1638
1193 322
1583 762
1370 334
1738 161
635 14
949 887
884 981
414 1052
883 621
1279 979
1517 108
251 246
224 372
3 1478
1622 1111
635 446
1468 139
505 580
907 294
1117 1170
1286 333
1997 980
278 1772
264 1756
1262 205
831 833
751 988
555 863
794 413
1424 1901
610 746
1143 1983
1503 396
1378 1140
576 1187
779 1064
1113 169
1843 1808
1932 1784
202 1008
378 548
481 1307
249 609
1624 408
1669 1172
247 1626
160 348
1312 730
810 293
1700 1117
1029 684
261 1672
975 574
1627 70
1729 1807
196 1773
1927 410
1183 84
1738 1435
27 599
37 1904
1983 774
1296 671
102 24
277 1506
506 1692
279 1601
1616 1068
566 81
428 1550
995 393
1008 540
1351 537
1540 1708
899 736
327 726
1155 81
1430 1108
523 1689
1731 375
1910 108
289 1134
651 557
1753 1956
513 1968
1083 1486
152 1377
804 1571
1521 240
441 2
33 712
443 1955
641 1411
755 606
1251 905
1564 964
469 155
1819 903
1075 1372
1754 1804
958 1818
1727 27
1312 1351
552 1721
335 1021
419 739
451 610
1894 1917
338 584
1758 871
1398 1258
240 635
1866 621
1163 1025
807 1798
32 944
189 936
51 1995
1451 1142
1808 1953
860 173
1210 691
1182 1586
173 588
90 1040
421 86
848 1831
1645 1441
1645 743
891 407
62 1772
415 1336
1301 1570
781 1781
1913 1664
514 1597
1660 483
88 1801
1372 388
1146 1868
925 555
762 76
510 1440
354 1891
1780 342
1960 1835
755 1098
1970 1900
367 1907
726 153
1637 1602
919 62
429 1401
1151 39
44 1992
725 903
1838 1755
858 1150
1391 48
1019 514
1734 762
718 1425
1924 354
1484 1756
532 471
1897 1518
1130 1694
1863 860
1719 1858
1113 838
634 184
1073 1003
1073 915
1590 1653
93 1265
777 407
23 226
126 1232
1101 961
1574 164
1357 414
59 799
950 1545
548 587
487 1143
1333 1629
893 1548
21 998
666 767
1605 225
284 488
272 1306
733 933
762 363
1744 326
1025 1331
702 470
741 117
1309 786
482 1856
1212 523
1539 688
1154 503
383 1098
1000 40
597 1099
878 1008
499 337
738 51
1471 1999
1849 954
1382 1955
336 693
32 1236
97 908
942 706
1233 1630
1460 51
476 440
979 791
96 1784
641 1647
1339 347
369 1021
1788 1687
1823 683
561 570
1721 654
1744 1238
109 923
1887 701
883 668
1662 84
1431 1505
1930 560
1687 662
445 132
1967 1946
12 268
1340 776
121 1388
1455 1374
1389 956
1636 165
1031 1497
157 1476
1482 753
1542 1452
387 441
428 1572
1651 381
137 853
1888 1129
748 856
1963 523
1353 703
313 1781
240 494
279 142
628 176
1183 708
755 1399
267 1457
1716 1848
966 1171
339 1080
702 593
1217 529
1087 833
417 1524
15 426
14 1140
1129 1538
837 1990
1126 1546
1752 1000
1499 712
1504 614
60 1208
1733 58
1983 766
404 1324
77 1632
465 455
567 1951
1041 57
180 413
232 1916
1662 1203
586 1056
1316 956
1686 118
1457 1096
1719 1462
1784 875
1158 707
922 237
1827 1693
1857 1420
15 428
852 578
1245 1819
666 1152
697 1817
633 1617
1372 88
10 535
1581 1888
1267 399
45 249
923 106
1264 1938
1814 354
1995 1610
341 533
1784 362
1019 1062
1535 1712
1878 1948
1266 1351
448 690
1588 824
4 1424
1456 982
1625 1601
1312 1511
1926 1420
974 1431
524 136
793 990
299 1631
1191 640
138 371
1090 1193
820 1332
965 1943
150 353
1271 1256
1953 1383
1513 938
517 664
1928 1009
1329 1855
176 183
667 1410
568 1791
1947 1011
1392 1059
60 16
89 853
1985 823
23 626
1547 1356
1088 288
1618 1417
1259 88
1596 589
1729 1352
923 1082
873 384
727 1073
585 510
702 210
109 1704
1023 929
275 1748
816 715
418 580
1984 1553
173 1600
1874 778
1143 1668
1473 1809
1594 867
1197 1165
1557 866
1894 1079
438 1297
1208 1959
1028 1538
726 722
674 1316
1723 1207
1527 620
470 31
456 1015
551 195
103 1157
1735 795
635 395
944 18
1583 291
732 1454
708 703
800 818
72 311
802 523
1956 1646
1971 1738
216 559
1681 43
496 627
122 114
1976 1575
1988 861
714 1631
772 1959
638 1416
654 769
393 5
617 1977
948 1087
1277 1743
920 1094
1756 1265
1404 6
158 956
285 1958
351 313
288 1661
1803 1008
1520 240
1848 1702
1417 1613
1931 1828
1168 1760
92 1202
641 635
1444 860
403 411
1315 659
1017 807
1900 1580
1142 1242
1532 563
617 1427
919 1606
1746 1394
1050 1701
1392 81
1818 749
1033 1476
1592 1594
