100
0001110101100010110100101110110001110110011111100010011000011000111001000111010011001111101001010010
0000110011000000101110110011000100110011010101000101011110101001001001000111111011110000100000111100
1101011101111110110011101100110110101001111110110111111010101011011010100111000011100100011011110001
0010111010001100000110100001010000011101000100100001000101100000110010001001000101100010001010101110
0100111111101101101100010010000110101101111011111100000011010010110101101001010101001011111100010011
0100000000111100010000011001001111100101011110011010000000111010111110000011010010010101001111010101
1110101010000100101110010100111010001000101111001110000010000011111010110111111111011000000110100111
1011010001011000000011001111010010010100010100110100100110100101111000010001100100100001111101101011
0010010100100111111101000111111000010100110100011111001110011010011011010000100011110001000000011000
0111110100111101010111011111010110110110110000000100100110100010100011001010110000110110010010110100
0111101101010100101110100101001101111101101100001110011011111010010010110110010110000111011100110100
0100110111010110001101110010101000010110111110000111000000011110111001110000010001011111010000011010
0100011110111110011101010111111111110110101101100010001100010101010001000010011010010101110011110010
1101001010110110001011001101000000001011111111010111001001010000101010000110010101011011001001011110
0010100101001110101011010001000011100000100001011101010100010000111010101101100001101111011111110101
0000011111110110100101101100101010111100000111001100011111110101010001010001001011100011100111001101
1011011000001111001100101011000101100010101110101111111011011001000011110111101011000010000010100110
1101111011101100101001101001111111011011011011110110011100011011000100101100000100110000110010101011
1010110100010001010000010101110001110010101001101011011011111101011011010100010101101010001010000011
0101111110110111100010111110001011100111110101100000000100000011000111010000101010011111100000101011
0011011010111010011110001011010001101000101110000100010111001010010100111111001001001100100100101010
0000110010101001111011001010110111101101111000011101000110011101110101101100101000010011000011000111
1111000111101011100100111001100110100010000011110111011000010011011000110010011010010000110111101101
0110110101001110000011011010111000000101100010101101011111100100001101111101100000100100010000101001
1101111101111100110111101010110011110011000001010001011101101111111011000110010110101100100110001010
0010011111100101001110100101001110001010111010111010001111101110111010111010011000011110110011000110
0111001101001110000000111000011100111111101000101010010001000010010110010101001100001000011111010011
0011100101001001010010110010110011110100000001000001100000001100000100001011101101100000000100101101
0101011001111011000110000110101011100000101101111100001100111100011101011001011101111111110010101111
1011000100111000000111111000000100111100001110110100001101111100011010100011101000110000111010001001
1011100010010000101010011100110011000001100011100110100000000010111011110011100010011111001011111111
0101011000000010101001001001000000111101111000111010010010011111011111101010111111010110000110011111
1010010000001111110000100010010010011110101100010000100100101110001001110010000010100110111000000100
1111110111100010100100110100100010110111101100011011101101110110001101100101000010100000000000010111
1100101000001100111110011001001011000011110001110111100111110100001011111000001010111011111000110011
0010001100110011010111101111000101011000011111011010110010111100011100000000000001111011100001111100
1110000101111010010111111111000110101001110001010111011000000100101000111111101101110111010101100000
1101101000001111101010111100001111100111110111100001100100100111001001000101011110010000100001011101
0011001010010011000010000110001111101101011001011111101111100000111011111000100001100010111101001001
1011011010010101001010111000010100011011101100110010101100000111100010111111010100001101011100001100
1100010010100100111010101011100011100010001000011110111101101000000100000000010100010011000010100011
0100011101000011000000101001100000111100101000010100010000101110000100001101001100100111000011000101
0000000001101111011010001110111001001110001001010010000001111110000110101100110110111111011100110110
0110111011001100011101110011101010100101000011111000101001000001011100101101101000001001000100001001
0101110010000010100011101101010110101110100110011101100001110110101000010001111001001001000010100100
1100100000000110010001111010010011101111110011011000000101101111001011011101010100010011111100001001
1101111110010101000111011100010111100111110101000111001001010101010011111110100001111100110111111000
0100001100011101100111110100000000111111110000110010010111111100110011111000101000111111001011001001
1111101011101001011000101000011011001111000010110001101111101000100101001101011000101000010000101011
1101001011000000100001011110110011000100100001010100110000000000100001101101000011111010100100000001
1111000101000110100100011011100111000111001001011010001110000011111011110111010011010011001100111111
0100111100000111101100100000101001101011110111110001010010110100001011001110110110110101011100100000
1011011101100011010000101010101110000110101011111111110111000101111010110010011010101001100111011111
1110001001011101001011101111010101101011101001001010011100100010111000110001101001010001011111100011
0101100011011010001100110011010001000000110101110000101010001011000110111100111001010101000011111001
0011110001111100000110010000010101011010111000100011010101100110011000001001000111011011101100101010
0000001110101010010111110111010001101101000100011100101001101110001100100001101110000111111100000100
1010010100100011011100000100110011111111000001101011011101010101011101010011110101010111111101001001
1100010111001011100001111010011100001010011110000000110100110011101100011001110001010010000011001011
0110100111110000110100111101110011110010001011010111111000111001001110001111010110101100100000111110
1001010000101111010011100111011101111111111000100001000001011110010100010011011100100101001111001100
1010000011011100001011100001001111110000111001000010011100001100101110101110110100011101000001101000
1001101101000101111101111011110001010000011101111001011100101000100100110001111101110101101100100110
0001110000100011110010100101101001001101011001100110000001111010100001111000100111100111011011011101
1110001101101111011101100001110100001011101010111100001011111111110110101111100110010100001111110101
1001011001101000100010110011100101111011011111001100100001100000111011000011110000011011111001010010
0001001100001111100101010111111111010110110000010100111110010000110100101001010010011000010010101000
0001100011110101110100010110010011010100110100000110001001110010010101111111111000001111101101011101
1101110111001010110111101010100110110100011100100101001011101011011001100000101101100011111110010101
1001101010110100010101110001101110011010011101101110011011110011001011001110001100101101011000111111
0001100010001110110000011101100110100001110110100010001001000010111111111110000001110010001100100110
0011011111110110000110011111010010100100010101000000111001110011000111100010001010101011001100001011
0101011001010100100110111000101011100011001111111111111000001100011111110001000111010110110111011010
0010011111100100011011010011001011001100001110110101101001111111100011111011011100011110010011101100
0011111010111101100101110011101111100111010110101000101000110101011101101100011111010100010010001000
1011000101111010010100101001011010100111011010101101101011100111001110100000111101010011110010110110
1101010011111001001111101111111110000111001101010111101101011110001010001000110001110010111000100111
1110111101111111101011011010110010100111101010010000111000101010010000111000101110110011001000010011
0101011011101000001111101111010000100001100100001011101100110110000101011000001000100110110100001111
0100000001111000111111100110111111110001111110011101101001000011010011000010101000100000100101100010
0010100100111010101111010011100010101111000110100111010011101111101111101101000011001100001101010100
1101111110101011000111000001011000110000011001011110010000110000101111010110010111100101010010110011
1011010010101111010100001111100111001111010111100000101101111000000011010100001110011010001011010101
1010111110111001001110011111001100001010010000111101011001101100100010110100010101011000101000101100
0111100111111010110111100000110100001111111011111100100011010001110010100100110011101101110000010100
0101101010101111100101000011011110011000001000100000100000001100111000011001001111000111111100001001
1010001010000110011000111011110000101000100111110010110100110010001110110011011001001011101011000011
0000011000010101110001001111001100100111100011010011011011111011110110001111100011100011110111101101
0010100100110111110100100101000010000001101010000110010000101001000100100101100000001101010101000110
1111101100000010100110011000011100011001110001011000000101101010000011110110110011001111111111001001
0111000010110100010110101000011010101111101001111100011011001101100111110000000100100010001001101000
0010001010110001010000100011100100110011010000110011010110110001100101111000110110101111101010101111
0110100000110111001111010110010111110001001011100111010100011010111001001000000101000110111001010000
0110010101000001000000100100101001011101100000100011010011101111100000101111110111000011111001011010
0101111000101110011100101001001010101011010100101100010011010101010000110100000111011001000001001110
1011010000011000111000100000110001010010010110011011101100101000010001011010110110110010001001000111
1000110011101000111001000010101001011101111000110111100000100011100011110110011101100111001010000001
1000111011100111010111101110010000110010000101010011110000000110101110000100001001000101101110111110
1010110011110110010010111010010111111000010111011111101110101001010010011110011010111110010101000000
1101110000000000111001100110000100110111001110101001001101011110010111000010100111011011011111110100
