420073041
49916562
678106962
573268758
190001817
878167545
592136533
884607562
607487527
719905061
133536999
532358867
149034111
118662330
150377816
980513181
498915225
28060872
793317792
428148517
527516472
314751936
824324291
648780196
44512054
413449561
357301244
835232862
560528403
519964614
527774346
106351624
493988109
88446900
740307206
260194681
354363306
311623486
76571543
214303059
434868970
606656968
108704799
369058577
943974456
78602051
399628612
929014106
10981475
126760155
972630682
827436902
317194824
34820943
377332463
408168954
396418336
723943021
908070236
646178062
764152921
579589201
685304213
196457663
281574862
319300824
295167524
718206426
224401868
723476666
557541727
570865809
775927289
980074782
326455940
489583050
62972366
265349140
328614099
868056732
64698898
987639565
760333714
208254812
165046701
636934198
833378247
271970552
816621176
660236095
269165835
876942794
342187932
581644114
643277136
990608669
690072504
202897650
908733893
725531263
243876378
886380510
62662830
778835106
972784931
981403802
83097387
135482980
681818673
760528212
278700302
538312719
793855722
34870169
395810424
382459720
646833256
362100097
129485759
557337814
752252711
847685194
68894248
995906251
722834286
970495811
170778044
978733573
276532756
838185304
247689968
259043003
257728137
314660975
764323418
136623146
270673192
436574148
920333550
833351641
229807625
113061600
795822393
457164237
54258695
132517261
216939997
