719274379
344763575
664081131
916304074
461607235
310813800
555718468
520314337
749922417
719105653
851860095
429647546
869157118
874266098
816860989
290934441
475156483
87756750
948183081
914538250
200234244
671948652
689444891
18279319
784945239
15762246
563553383
353098487
503408108
302234745
296145341
623375078
826081151
554741017
657792588
357177120
164881693
951945641
159817190
462496165
933811785
701032952
825079979
32555644
227745631
666558446
957757077
382873246
900164897
822737063
36226671
305771014
32673452
595448955
288186121
903747688
909093081
794374104
348550975
620132658
970587795
3958951
43195230
644912358
758917870
606775298
372756666
26975058
681159839
210471151
562357142
649209728
687710661
300810203
391100548
824402351
165750446
870910620
907382721
651144650
194754653
594554065
471086731
722176611
436352001
558022900
168026686
153444316
668949039
798973864
558993201
34551824
778587284
94720943
497639775
796626573
724654905
526644400
870642438
63033842
