-1
-1
3
5
9
9
7
9
12
12
11
13
17
17
15
17
20
20
19
21
24
24
23
25
28
28
27
29
33
33
31
33
36
36
35
37
40
40
39
41
44
44
43
45
48
48
47
49
52
52
51
53
56
56
55
57
60
60
59
61
65
65
63
65
68
68
67
69
72
72
71
73
76
76
75
77
80
80
79
81
84
84
83
85
88
88
87
89
92
92
91
93
96
96
95
97
100
100
99
101
104
104
103
105
108
108
107
109
112
112
111
113
116
116
115
117
120
120
119
121
124
124
123
125
129
129
127
129
132
132
131
133
136
136
135
137
140
140
139
141
144
144
143
145
148
148
147
149
152
152
151
153
156
156
155
157
160
160
159
161
164
164
163
165
168
168
167
169
172
172
171
173
176
176
175
177
180
180
179
181
184
184
183
185
188
188
187
189
192
192
191
193
196
196
195
197
200
200
199
201
204
204
203
205
208
208
207
209
212
212
211
213
216
216
215
217
220
220
219
221
224
224
223
225
228
228
227
229
232
232
231
233
236
236
235
237
240
240
239
241
244
244
243
245
248
248
247
249
252
252
251
253
257
257
255
257
260
260
259
261
264
264
263
265
268
268
267
269
272
272
271
273
276
276
275
277
280
280
279
281
284
284
283
285
288
288
287
289
292
292
291
293
296
296
295
297
300
300
299
301
304
304
303
305
308
308
307
309
312
312
311
313
316
316
315
317
320
320
319
321
324
324
323
325
328
328
327
329
332
332
331
333
336
336
335
337
340
340
339
341
344
344
343
345
348
348
347
349
352
352
351
353
356
356
355
357
360
360
359
361
364
364
363
365
368
368
367
369
372
372
371
373
376
376
375
377
380
380
379
381
384
384
383
385
388
388
387
389
392
392
391
393
396
396
395
397
400
400
399
401
404
404
403
405
408
408
407
409
412
412
411
413
416
416
415
417
420
420
419
421
424
424
423
425
428
428
427
429
432
432
431
433
436
436
435
437
440
440
439
441
444
444
443
445
448
448
447
449
452
452
451
453
456
456
455
457
460
460
459
461
464
464
463
465
468
468
467
469
472
472
471
473
476
476
475
477
480
480
479
481
484
484
483
485
488
488
487
489
492
492
491
493
496
496
495
497
500
500
499
501
504
504
503
505
508
508
507
509
513
513
511
513
516
516
515
517
520
520
519
521
524
524
523
525
528
528
527
529
532
532
531
533
536
536
535
537
540
540
539
541
544
544
543
545
548
548
547
549
552
552
551
553
556
556
555
557
560
560
559
561
564
564
563
565
568
568
567
569
572
572
571
573
576
576
575
577
580
580
579
581
584
584
583
585
588
588
587
589
592
592
591
593
596
596
595
597
600
600
599
601
604
604
603
605
608
608
607
609
612
612
611
613
616
616
615
617
620
620
619
621
624
624
623
625
628
628
627
629
632
632
631
633
636
636
635
637
640
640
639
641
644
644
643
645
648
648
647
649
652
652
651
653
656
656
655
657
660
660
659
661
664
664
663
665
668
668
667
669
672
672
671
673
676
676
675
677
680
680
679
681
684
684
683
685
688
688
687
689
692
692
691
693
696
696
695
697
700
700
699
701
704
704
703
705
708
708
707
709
712
712
711
713
716
716
715
717
720
720
719
721
724
724
723
725
728
728
727
729
732
732
731
733
736
736
735
737
740
740
739
741
744
744
743
745
748
748
747
749
752
752
751
753
756
756
755
757
760
760
759
761
764
764
763
765
768
768
767
769
772
772
771
773
776
776
775
777
780
780
779
781
784
784
783
785
788
788
787
789
792
792
791
793
796
796
795
797
800
800
799
801
804
804
803
805
808
808
807
809
812
812
811
813
816
816
815
817
820
820
819
821
824
824
823
825
828
828
827
829
832
832
831
833
836
836
835
837
840
840
839
841
844
844
843
845
848
848
847
849
852
852
851
853
856
856
855
857
860
860
859
861
864
864
863
865
868
868
867
869
872
872
871
873
876
876
875
877
880
880
879
881
884
884
883
885
888
888
887
889
892
892
891
893
896
896
895
897
900
900
899
901
904
904
903
905
908
908
907
909
912
912
911
913
916
916
915
917
920
920
919
921
924
924
923
925
928
928
927
929
932
932
931
933
936
936
935
937
940
940
939
941
944
944
943
945
948
948
947
949
952
952
951
953
956
956
955
957
960
960
959
961
964
964
963
965
968
968
967
969
972
972
971
973
976
976
975
977
980
980
979
981
984
984
983
985
988
988
987
989
992
992
991
993
996
996
995
997
1000
1000
999
1001
