-1
-1
3

5
1

9
1
2
4
5

9
8
2
3

7

9
1

12
9
1
4

12
8
4

11

13
1

17
1
2
4
5

17
16
2
3

15

17
1

20
17
1
4

20
16
4

19

21
1

24
17
1
8

24
16
8

23

25
1

28
17
1
12

28
16
12

27

29
1

33
1
2
4
5

33
32
2
3

31

33
1

36
33
1
4

36
32
4

35

37
1

40
33
1
8

40
32
8

39

41
1

44
33
1
12

44
32
12

43

45
1

48
33
1
16

48
32
16

47

49
1

52
33
1
20

52
32
20

51

53
1

56
33
1
24

56
32
24

55

57
1

60
33
1
28

60
32
28

59

61
1

65
1
2
4
5

65
64
2
3

63

65
1

68
65
1
4

68
64
4

67

69
1

72
65
1
8

72
64
8

71

73
1

76
65
1
12

76
64
12

75

77
1

80
65
1
16

80
64
16

79

81
1

84
65
1
20

84
64
20

83

85
1

88
65
1
24

88
64
24

87

89
1

92
65
1
28

92
64
28

91

93
1

96
65
1
32

96
64
32

95

97
1

100
65
1
36

100
64
36

99

101
1

104
65
1
40

104
64
40

103

105
1

108
65
1
44

108
64
44

107

109
1

112
65
1
48

112
64
48

111

113
1

116
65
1
52

116
64
52

115

117
1

120
65
1
56

120
64
56

119

121
1

124
65
1
60

124
64
60

123

125
1

129
1
2
4
5

129
128
2
3

127

129
1

132
129
1
4

132
128
4

131

133
1

136
129
1
8

136
128
8

135

137
1

140
129
1
12

140
128
12

139

141
1

144
129
1
16

144
128
16

143

145
1

148
129
1
20

148
128
20

147

149
1

152
129
1
24

152
128
24

151

153
1

156
129
1
28

156
128
28

155

157
1

160
129
1
32

160
128
32

159

161
1

164
129
1
36

164
128
36

163

165
1

168
129
1
40

168
128
40

167

169
1

172
129
1
44

172
128
44

171

173
1

176
129
1
48

176
128
48

175

177
1

180
129
1
52

180
128
52

179

181
1

184
129
1
56

184
128
56

183

185
1

188
129
1
60

188
128
60

187

189
1

192
129
1
64

192
128
64

191

193
1

196
129
1
68

196
128
68

195

197
1

200
129
1
72

200
128
72

199

201
1

204
129
1
76

204
128
76

203

205
1

208
129
1
80

208
128
80

207

209
1

212
129
1
84

212
128
84

211

213
1

216
129
1
88

216
128
88

215

217
1

220
129
1
92

220
128
92

219

221
1

224
129
1
96

224
128
96

223

225
1

228
129
1
100

228
128
100

227

229
1

232
129
1
104

232
128
104

231

233
1

236
129
1
108

236
128
108

235

237
1

240
129
1
112

240
128
112

239

241
1

244
129
1
116

244
128
116

243

245
1

248
129
1
120

248
128
120

247

249
1

252
129
1
124

252
128
124

251

253
1

257
1
2
4
5

257
256
2
3

255

257
1

260
257
1
4

260
256
4

259

261
1

264
257
1
8

264
256
8

263

265
1

268
257
1
12

268
256
12

267

269
1

272
257
1
16

272
256
16

271

273
1

276
257
1
20

276
256
20

275

277
1

280
257
1
24

280
256
24

279

281
1

284
257
1
28

284
256
28

283

285
1

288
257
1
32

288
256
32

287

289
1

292
257
1
36

292
256
36

291

293
1

296
257
1
40

296
256
40

295

297
1

300
257
1
44

300
256
44

299

301
1

304
257
1
48

304
256
48

303

305
1

308
257
1
52

308
256
52

307

309
1

312
257
1
56

312
256
56

311

313
1

316
257
1
60

316
256
60

315

317
1

320
257
1
64

320
256
64

319

321
1

324
257
1
68

324
256
68

323

325
1

328
257
1
72

328
256
72

327

329
1

332
257
1
76

332
256
76

331

333
1

336
257
1
80

336
256
80

335

337
1

340
257
1
84

340
256
84

339

341
1

344
257
1
88

344
256
88

343

345
1

348
257
1
92

348
256
92

347

349
1

352
257
1
96

352
256
96

351

353
1

356
257
1
100

356
256
100

355

357
1

360
257
1
104

360
256
104

359

361
1

364
257
1
108

364
256
108

363

365
1

368
257
1
112

368
256
112

367

369
1

372
257
1
116

372
256
116

371

373
1

376
257
1
120

376
256
120

375

377
1

380
257
1
124

380
256
124

379

381
1

384
257
1
128

384
256
128

383

385
1

388
257
1
132

388
256
132

387

389
1

392
257
1
136

392
256
136

391

393
1

396
257
1
140

396
256
140

395

397
1

400
257
1
144

400
256
144

399

401
1

404
257
1
148

404
256
148

403

405
1

408
257
1
152

408
256
152

407

409
1

412
257
1
156

412
256
156

411

413
1

416
257
1
160

416
256
160

415

417
1

420
257
1
164

420
256
164

419

421
1

424
257
1
168

424
256
168

423

425
1

428
257
1
172

428
256
172

427

429
1

432
257
1
176

432
256
176

431

433
1

436
257
1
180

436
256
180

435

437
1

440
257
1
184

440
256
184

439

441
1

444
257
1
188

444
256
188

443

445
1

448
257
1
192

448
256
192

447

449
1

452
257
1
196

452
256
196

451

453
1

456
257
1
200

456
256
200

455

457
1

460
257
1
204

460
256
204

459

461
1

464
257
1
208

464
256
208

463

465
1

468
257
1
212

468
256
212

467

469
1

472
257
1
216

472
256
216

471

473
1

476
257
1
220

476
256
220

475

477
1

480
257
1
224

480
256
224

479

481
1

484
257
1
228

484
256
228

483

485
1

488
257
1
232

488
256
232

487

489
1

492
257
1
236

492
256
236

491

493
1

496
257
1
240

496
256
240

495

497
1

500
257
1
244

500
256
244

499

501
1

504
257
1
248

504
256
248

503

505
1

508
257
1
252

508
256
252

507

509
1

513
1
2
4
5

513
512
2
3

511

513
1

516
513
1
4

516
512
4

515

517
1

520
513
1
8

520
512
8

519

521
1

524
513
1
12

524
512
12

523

525
1

528
513
1
16

528
512
16

527

529
1

532
513
1
20

532
512
20

531

533
1

536
513
1
24

536
512
24

535

537
1

540
513
1
28

540
512
28

539

541
1

544
513
1
32

544
512
32

543

545
1

548
513
1
36

548
512
36

547

549
1

552
513
1
40

552
512
40

551

553
1

556
513
1
44

556
512
44

555

557
1

560
513
1
48

560
512
48

559

561
1

564
513
1
52

564
512
52

563

565
1

568
513
1
56

568
512
56

567

569
1

572
513
1
60

572
512
60

571

573
1

576
513
1
64

576
512
64

575

577
1

580
513
1
68

580
512
68

579

581
1

584
513
1
72

584
512
72

583

585
1

588
513
1
76

588
512
76

587

589
1

592
513
1
80

592
512
80

591

593
1

596
513
1
84

596
512
84

595

597
1

600
513
1
88

600
512
88

599

601
1

604
513
1
92

604
512
92

603

605
1

608
513
1
96

608
512
96

607

609
1

612
513
1
100

612
512
100

611

613
1

616
513
1
104

616
512
104

615

617
1

620
513
1
108

620
512
108

619

621
1

624
513
1
112

624
512
112

623

625
1

628
513
1
116

628
512
116

627

629
1

632
513
1
120

632
512
120

631

633
1

636
513
1
124

636
512
124

635

637
1

640
513
1
128

640
512
128

639

641
1

644
513
1
132

644
512
132

643

645
1

648
513
1
136

648
512
136

647

649
1

652
513
1
140

652
512
140

651

653
1

656
513
1
144

656
512
144

655

657
1

660
513
1
148

660
512
148

659

661
1

664
513
1
152

664
512
152

663

665
1

668
513
1
156

668
512
156

667

669
1

672
513
1
160

672
512
160

671

673
1

676
513
1
164

676
512
164

675

677
1

680
513
1
168

680
512
168

679

681
1

684
513
1
172

684
512
172

683

685
1

688
513
1
176

688
512
176

687

689
1

692
513
1
180

692
512
180

691

693
1

696
513
1
184

696
512
184

695

697
1

700
513
1
188

700
512
188

699

701
1

704
513
1
192

704
512
192

703

705
1

708
513
1
196

708
512
196

707

709
1

712
513
1
200

712
512
200

711

713
1

716
513
1
204

716
512
204

715

717
1

720
513
1
208

720
512
208

719

721
1

724
513
1
212

724
512
212

723

725
1

728
513
1
216

728
512
216

727

729
1

732
513
1
220

732
512
220

731

733
1

736
513
1
224

736
512
224

735

737
1

740
513
1
228

740
512
228

739

741
1

744
513
1
232

744
512
232

743

745
1

748
513
1
236

748
512
236

747

749
1

752
513
1
240

752
512
240

751

753
1

756
513
1
244

756
512
244

755

757
1

760
513
1
248

760
512
248

759

761
1

764
513
1
252

764
512
252

763

765
1

768
513
1
256

768
512
256

767

769
1

772
513
1
260

772
512
260

771

773
1

776
513
1
264

776
512
264

775

777
1

780
513
1
268

780
512
268

779

781
1

784
513
1
272

784
512
272

783

785
1

788
513
1
276

788
512
276

787

789
1

792
513
1
280

792
512
280

791

793
1

796
513
1
284

796
512
284

795

797
1

800
513
1
288

800
512
288

799

801
1

804
513
1
292

804
512
292

803

805
1

808
513
1
296

808
512
296

807

809
1

812
513
1
300

812
512
300

811

813
1

816
513
1
304

816
512
304

815

817
1

820
513
1
308

820
512
308

819

821
1

824
513
1
312

824
512
312

823

825
1

828
513
1
316

828
512
316

827

829
1

832
513
1
320

832
512
320

831

833
1

836
513
1
324

836
512
324

835

837
1

840
513
1
328

840
512
328

839

841
1

844
513
1
332

844
512
332

843

845
1

848
513
1
336

848
512
336

847

849
1

852
513
1
340

852
512
340

851

853
1

856
513
1
344

856
512
344

855

857
1

860
513
1
348

860
512
348

859

861
1

864
513
1
352

864
512
352

863

865
1

868
513
1
356

868
512
356

867

869
1

872
513
1
360

872
512
360

871

873
1

876
513
1
364

876
512
364

875

877
1

880
513
1
368

880
512
368

879

881
1

884
513
1
372

884
512
372

883

885
1

888
513
1
376

888
512
376

887

889
1

892
513
1
380

892
512
380

891

893
1

896
513
1
384

896
512
384

895

897
1

900
513
1
388

900
512
388

899

901
1

904
513
1
392

904
512
392

903

905
1

908
513
1
396

908
512
396

907

909
1

912
513
1
400

912
512
400

911

913
1

916
513
1
404

916
512
404

915

917
1

920
513
1
408

920
512
408

919

921
1

924
513
1
412

924
512
412

923

925
1

928
513
1
416

928
512
416

927

929
1

932
513
1
420

932
512
420

931

933
1

936
513
1
424

936
512
424

935

937
1

940
513
1
428

940
512
428

939

941
1

944
513
1
432

944
512
432

943

945
1

948
513
1
436

948
512
436

947

949
1

952
513
1
440

952
512
440

951

953
1

956
513
1
444

956
512
444

955

957
1

960
513
1
448

960
512
448

959

961
1

964
513
1
452

964
512
452

963

965
1

968
513
1
456

968
512
456

967

969
1

972
513
1
460

972
512
460

971

973
1

976
513
1
464

976
512
464

975

977
1

980
513
1
468

980
512
468

979

981
1

984
513
1
472

984
512
472

983

985
1

988
513
1
476

988
512
476

987

989
1

992
513
1
480

992
512
480

991

993
1

996
513
1
484

996
512
484

995

997
1

1000
513
1
488

1000
512
488

999

1001
1

