234498176
607544097
781894448
635958695
657035787
754443019
609530671
314779895
587750237
680173125
156735496
279623559
914020760
790553086
889797498
954499104
913497527
501355418
412331625
958635004
499005287
416811733
974913244
266936491
573398078
145120040
319393841
553815441
732146182
612617597
275160124
207306391
4853042
39618577
156775794
746000497
468345163
686524882
151936373
764332032
867762153
257177520
298643910
162147039
782975471
608507874
910290758
949220385
970023708
368238985
803174296
198537454
716403887
540244588
627247164
385468168
937823835
774330498
358518240
477678848
634427376
525281231
320453631
944996241
829494192
621073460
875225482
540942691
474571637
482197780
419087776
106366569
994445615
134862523
259716021
985429860
245070753
494655219
856297453
588758761
842824234
90702720
128813787
962770
923524669
824726545
502386773
406806158
434668061
982868727
207401938
498335550
62203302
553958041
14374434
165202131
248284256
843122174
192513165
608549111
148834291
831592501
817964461
138090175
403352386
795520557
53902462
932014905
100305311
299172433
37518180
670765976
663070989
660718445
374463053
107683716
496918788
821789253
373870986
808171549
540837367
453453493
85672418
56183429
399450188
7910592
243875536
17394991
451793475
142068186
27310063
638990411
249583881
670760124
731722576
536591315
463384958
880166701
831784171
659502114
352326570
643641185
111718558
972620206
881220822
206622748
969802723
526879487
750008177
573596609
550853208
466018631
474747598
6427830
235289707
427046811
991539165
777719590
383888746
52133693
207562741
110235727
15651
790398599
330237439
986326875
940597908
121713234
988892589
485350195
699388852
837169703
369593471
412262552
417766556
134146367
822529494
120975637
199834786
573543497
440339291
621473234
170764892
420946593
707880214
652902818
888126900
49176249
457748502
976547181
880806671
432818016
893014081
870541488
490822299
262290651
97758671
672319323
169639619
677584133
374763892
69377199
51021480
947222874
928867155
623480462
320660221
828604735
325925031
900485683
735953703
507422055
127702866
105230273
565426338
117437683
21697173
540495852
949068105
110117454
345341536
290364140
577297761
827479462
376771120
557905063
424700857
798409568
877268717
175714860
864097987
580477798
585981802
628650883
161074651
298855502
512894159
9351765
876531120
57646446
11917479
668006915
207845755
998228703
888008627
790681613
946110661
614355608
220524764
6705189
571197543
762954647
991816524
523496756
532225723
447391146
424647745
248236177
471364867
28441631
791621606
117023532
25624148
886525796
354603169
645917784
338742240
166460183
118077653
534859396
461653039
266521778
327484230
748660473
359253943
970934291
856176168
546450879
980849363
754368818
990333762
598794166
942060925
912571936
544790861
457406987
190072805
624373368
176455101
501325566
890560638
623781301
337525909
335173365
327478378
960726174
699071921
897939043
66229449
944341892
202723797
594891968
860154179
180279893
166651853
849410063
389695243
805731189
155122180
749960098
833042223
983869920
444286313
936041052
499908804
790842416
15375627
563576293
591438196
495857581
173517809
74719685
997281584
869430567
907541634
155420120
409485593
141946901
503589135
753173601
12814494
738528333
863381831
3798739
891877785
579156578
516046574
523672717
457301663
123018872
377170894
168750162
53248113
677790723
472963123
363816978
520565506
639726114
223913856
60420519
612776186
370997190
457999766
281840467
799706900
195070058
630005369
28220646
49023969
87953596
389736480
215268883
836097315
699600444
741066834
130482201
233912322
846307981
311719472
529899191
252243857
841468560
958625777
993391312
790937963
723084230
385626757
266098172
444428913
678850513
853124314
424846276
731307863
23331110
581432621
499239067
39609350
585912729
496888936
84746827
43745250
108446856
207691268
84223594
718620795
841508858
318071229
