2000 2000
686193528 1738
352629019 306
442280844 1506
307432818 1499
988106735 696
129849842 1210
706757991 173
987467593 1561
419791046 1102
900353465 1446
29951610 732
158871562 774
499763901 134
392525381 1414
948712993 1767
100560616 128
841352761 109
957255529 615
73893704 100
932696798 723
827905954 1685
785220966 1678
425967190 1975
117814333 208
98763642 248
897519460 1482
399209592 401
671091431 693
788458604 119
334930781 427
829332854 1393
118036176 1681
299755988 283
97029891 1286
64134314 211
65318905 1640
460184033 1780
336477133 1131
229353081 1705
801328286 716
558014283 908
403912717 1734
681488995 4
651959597 1892
904801355 1747
64929597 1503
263039044 945
187662610 323
537573532 1690
66191438 1958
15473962 9
689177494 1546
675013610 1822
625730323 406
203286222 142
743707334 251
687143818 1708
921539685 566
64854202 658
347839208 491
294289066 832
467897682 1791
803136227 28
947734221 83
903635409 507
516988327 575
847230003 1827
264220149 266
27637033 1555
462147745 482
73142509 941
122086612 1298
835660228 238
479108244 1215
856017333 812
457672792 1823
179362117 158
49426773 347
391180856 211
554985487 411
351522383 1101
920397660 1783
449882348 642
892396295 953
778971020 377
46727549 1324
423676105 886
361405994 1641
438315432 418
213898358 1526
933370461 1847
126842273 305
489714248 753
171752648 1100
693960087 1484
957196301 1077
265681153 1566
176270744 1835
74631838 1125
948881268 1369
47668951 1261
466474636 879
471367210 1483
359438259 1926
210418493 1048
886677633 470
532961006 1612
53887013 386
662997111 964
955460128 1768
326172835 1116
563092329 1243
601960534 944
104232389 401
520796761 1315
953646320 422
156955679 1973
441367608 1679
669918381 594
181403479 1705
399243999 921
740742648 1580
256687949 544
86685904 188
203732237 208
858380890 1223
423370596 127
791044478 603
801750342 1604
615360447 1897
176319780 1828
503196032 1986
230952529 456
47156947 1152
665289132 592
279788661 769
689101792 527
357421035 1005
801510375 1727
637948607 335
619197305 376
593876030 109
606459934 1717
915765015 1268
235635442 1787
449932755 1814
695207654 1029
746184891 1479
574242490 430
696172937 424
846192404 1284
710549851 1318
997449319 1679
259492240 1507
259396623 1534
334382300 1012
318654049 742
139311658 1541
117361140 695
725908640 1416
230984366 1419
32128763 1220
953480104 954
499164565 87
206522521 753
280759865 890
141492922 1970
966378499 1834
222771910 719
905668004 1785
646989723 1079
805309832 154
48230075 504
554080740 1170
955194216 546
871225227 1485
899558003 516
60819474 1720
153124563 1815
905728493 1472
191332624 1400
138592317 358
315395576 1028
983805357 200
814687410 896
368974357 493
795361528 1164
525554801 733
407588655 195
849008122 517
806934707 597
857456390 372
925688686 132
74621751 1983
766587020 1299
345385093 856
714740504 281
281474527 1503
72556945 1188
646918993 1928
887017619 1508
476877757 662
428863022 1421
770897570 81
167422640 572
660351012 1360
487467993 909
34058256 873
522086110 83
677582260 198
914961048 778
493985570 857
451483209 1538
652759217 607
370803592 1485
52550607 793
436750610 934
892937754 1908
770715367 1850
578648504 1507
719349707 331
701099929 547
625397945 916
992063350 1292
946202076 1228
618701511 1745
70074235 1408
461961343 1673
479738204 1926
77404849 1610
528921871 1257
6960673 1144
540521055 1824
744665097 1400
318099611 1439
69986117 1793
167754003 427
789324872 1003
505868836 1083
329007412 1256
66481333 432
207189146 87
116583162 984
639144342 788
194119528 1377
963074412 1261
470260223 1144
294392713 389
988489747 1398
190987087 621
648097319 1469
858655705 977
931574585 1901
973766895 841
181660499 358
158087284 1771
247851019 1682
952169129 1439
464898765 642
623972449 1765
520351418 261
351362357 1545
229031785 1273
445141208 1007
227248776 1371
881911690 581
220716502 461
848536799 284
901018566 819
625583172 636
668902880 457
474900486 1336
870459108 1868
796134993 1148
95237727 1102
310793212 1281
534677018 1091
412967496 1430
395282301 821
796698524 1494
617081006 1294
486546862 683
366980521 254
935484000 177
536899306 280
748161074 1481
951738837 271
662983001 1286
729343216 58
25347034 704
448117658 226
38855981 1056
556666873 743
315471113 1976
143873647 1119
568570946 655
373358471 1898
149635896 176
236090806 1171
647133129 863
120772207 1687
986548641 436
597804604 1582
133306319 1231
590020685 1764
254545142 1547
385337887 602
554168554 1028
779473183 1959
48306673 1199
321688274 1901
545793436 256
764593362 1611
183837876 1332
768716325 834
408947269 1369
481565962 164
392198396 656
214216520 1198
437848435 1692
50256479 1110
769520684 346
490288626 263
441351566 1242
518776654 1701
226957355 256
110972025 961
104182878 672
136118381 223
978778512 620
924021198 951
890412276 69
587816249 436
290691703 1126
521243362 87
844109742 1701
765280078 174
510882272 324
21876736 1504
408625876 153
317358447 644
876080841 1592
952599145 697
207922481 298
586522957 744
41939211 817
157244437 375
765941059 1098
182098261 871
706359941 51
130546550 189
12130373 733
39174169 1334
168824674 1911
714864371 1746
481625891 620
131448004 1662
358812448 1900
816469148 327
888737909 1321
242382007 1435
632808808 1428
818681154 1816
647400448 881
200307365 1115
325637576 1976
198238743 1626
171129638 1387
28269570 1447
454219806 1318
842488696 1363
459906353 530
814990930 195
594709922 983
928729642 180
598112819 727
54310339 656
54134143 385
958573051 169
24863875 1703
754700808 818
209259257 1167
515167755 619
473639285 1947
385551944 1303
789855763 353
146246658 148
693786903 70
44324883 1713
734504159 936
687403455 77
952803227 1257
627344995 1355
771177396 50
457983743 1897
794006559 691
495071066 381
956735278 459
273350807 355
265005679 724
312454672 917
13000049 1335
676426745 1824
953770917 1342
729756167 1543
642150361 635
546847378 1203
810659766 753
429950029 108
786027252 652
991490199 125
55324107 13
693992851 926
423033705 90
703299222 1434
642897336 1774
298389950 1558
946546564 1152
250035824 1019
823139471 108
298306598 623
102423690 292
941779548 659
666708977 141
230139873 457
672774827 1164
765189965 100
542609447 1217
434217152 1079
711055601 631
993501513 1799
419280406 1107
236912896 611
216991052 1725
95950884 39
238446689 1159
354582970 1977
3650386 1794
665315821 816
608093722 521
822246438 1303
96814572 698
622697753 373
215049901 1994
13188509 1525
500616950 250
274853734 1981
676947919 474
29745229 297
504124329 917
661029021 975
120531465 1650
161424406 1
142296277 1857
201527964 1699
869659764 1421
568303910 1025
699432678 949
798643911 116
60706484 771
740109540 909
697764335 1913
966708556 1392
349881457 1135
758591273 217
609794358 17
407763574 553
236449523 1201
831938497 1192
590772273 413
92465315 1562
976968015 979
442430707 1538
830894730 502
684231472 1688
756793566 91
784111980 38
424134575 422
999052213 41
212227976 1042
584609300 417
79958721 10
995341935 716
410667552 185
797896661 760
208868867 1737
630980735 934
562584636 827
900569903 483
774321828 1925
694905954 32
56320289 312
251311857 1656
699694356 1657
383956567 195
972747051 1996
727681866 8
547094591 331
469562705 1458
607637031 1594
71788431 323
231906202 1104
204217261 1426
208836264 975
821882926 708
879365692 383
191270486 237
803509145 1255
861611697 961
572588159 343
165714363 723
360286558 1661
830873202 333
982730103 1805
160531679 1344
405345864 613
561145702 1776
785843042 1374
964929717 1596
195459523 801
657960684 1452
131782247 618
154904261 569
698474968 596
314585659 726
594251442 1018
979114372 79
120965568 768
399892531 1397
712809604 1595
859516525 180
804996489 1679
130159189 387
645816009 330
907278253 487
416342701 1088
497080048 1026
810535626 890
799384279 735
549143492 811
365679338 483
734142811 1531
554243395 1114
955425145 1558
196269505 1909
601510235 415
629237821 1425
366443966 318
672600097 1686
442495552 1303
229402081 711
147711505 611
755817380 1693
496634081 401
665954639 220
294555237 649
316671053 1197
921274339 1171
428245183 1601
53915662 1559
810060552 824
374493027 873
933492943 1122
848380392 964
273609152 1255
129474040 1737
368256859 1392
426566507 540
487766409 1590
761232586 513
505861024 755
50065134 1170
126606367 1400
27920087 569
846170797 1721
888207700 971
292157081 606
958129364 1954
926585294 539
39874933 1322
232624408 135
433356363 1526
681826984 1046
900164751 1453
541919901 1673
631159020 563
591957345 1647
162917821 1068
924645709 370
111767463 16
977489683 461
232247618 1061
534531386 508
724557262 618
845322709 1181
328128827 442
856149864 1345
6289099 687
367988494 1975
177413025 1983
946020789 1137
100638129 1511
212334457 357
520235813 590
896718609 544
259678498 872
703606190 1678
630798606 1082
768953449 704
819966072 1643
341916367 638
152377915 1218
669900288 1806
4974180 1828
913323214 1357
946540564 796
844642571 1850
83009800 1116
148743873 1865
910682293 1107
593247148 45
924963798 75
970726609 1762
641959715 1051
723667176 654
180245024 599
272139823 1244
595903439 1798
780501278 1273
542863275 1631
317092220 756
738846013 1643
704502398 1711
168951299 1167
190190264 1334
341097638 639
916037614 427
757005816 967
490759051 1835
28075336 240
278731194 176
41122951 1872
321126635 1314
207291215 1846
330529135 154
149727039 293
435942733 561
784717417 1891
445783708 1761
552842755 1100
717410481 502
429449442 714
939931228 408
121134022 1187
825744884 1050
423982514 1993
771969279 1972
687342354 1351
223072420 796
646608458 953
605737523 1879
915917514 307
804021546 89
349276201 365
977804164 98
778844519 1317
525687212 409
331375442 1854
630104024 1416
415298870 1099
143343949 1189
253879074 130
800359158 1033
891046532 1081
568422900 1775
503351934 651
276908625 181
19787834 880
647256023 1062
924225904 465
481882638 355
925446075 1683
94352958 604
374819698 6
26416494 1967
558052017 1998
255898677 234
790369196 848
467270191 1551
223239447 1052
444635627 1754
435150931 1997
474169007 1816
41439775 739
36519367 1632
216140056 869
822832441 1122
719960590 293
135218676 93
950814572 450
249184001 1864
173247201 1536
744901163 857
185802513 1989
904419197 504
486669208 1236
938670248 254
21450455 1583
615636835 390
991600003 1665
448436338 248
246978208 758
653654394 1581
260742955 1992
411002148 1738
508991293 394
784955073 1213
835195200 1623
87015376 124
835860250 335
944354408 1483
874910846 367
731380746 1505
617970137 1225
811542002 994
595754506 1483
958566619 645
801156069 1974
319891796 1325
392578849 1425
766788975 484
681349293 1947
141160247 1713
591622127 1288
384966131 1502
473417817 770
557559163 1402
142209737 568
937230154 32
275528491 1144
619988525 895
302370483 244
317720347 880
687959316 1491
851217014 789
440390885 709
921307513 402
706434401 1797
767395914 637
879431707 1476
32075010 163
482354030 1013
268486511 876
878273439 554
900728348 1428
617561128 1171
967933200 880
76188311 1315
801565250 582
387217130 1264
743592987 602
763404012 1224
179536202 394
409004990 636
964480598 1422
710705186 374
713235119 565
947782368 336
363738453 1379
8222246 956
614460605 78
826375638 1811
340441370 922
338835406 1936
963795123 293
976196903 192
766689082 8
127748152 463
594729013 1968
608671060 1902
493250520 1454
907672888 801
167538271 774
824639703 1296
737317300 110
653218265 1968
771987379 1986
996973510 485
47052107 217
298741750 1342
815044868 1286
846421741 1523
290891501 589
618940210 1438
519590761 730
861353300 1461
973530185 462
434425593 578
43896195 1390
699575391 1910
168694203 247
815364525 1088
406753423 1930
74285716 1144
233884999 966
812690743 1757
633752215 1999
815959463 734
569856276 1142
510183129 1281
100413064 1520
536981719 247
449000603 742
550471870 1919
93664546 716
118956488 626
327742472 1127
603674294 1665
657613039 334
859894532 647
182210237 564
481034928 844
919868919 1975
394332945 476
760228103 707
755171703 433
194046944 14
945646638 546
414552901 1288
672111613 1995
189336863 1985
395857585 1004
9126650 161
379069553 1628
345675401 349
139820396 777
669777706 803
774217932 1134
862981992 977
222420178 1065
374141777 197
488907234 1828
826234210 1958
15507316 1893
598824236 1692
420618300 1058
39249790 1326
378389143 1883
254237420 540
674501300 501
567405425 499
133797149 581
313362452 1159
10498196 1191
748554029 1586
515552560 577
142463225 394
383025605 1011
43033214 1319
384735241 706
346282234 1715
846871529 1952
362383165 1072
187692309 1291
272326585 1193
476898088 1809
562764310 1500
879366345 652
157638837 1090
24981234 556
419284708 233
294075711 939
526168742 860
148914386 1073
136316230 1385
184414427 1505
903378503 377
804021404 1293
279012363 1883
773728827 132
810350149 188
69659272 1018
957516071 671
737250921 1334
158463590 1653
918819612 1906
186952457 1082
563435607 1300
416923647 590
40158189 1110
664430945 1905
309145175 289
936144920 1156
83135927 1293
445244219 1535
110161019 1113
405925923 1824
2890950 1607
371138477 1266
715312572 1522
95962779 96
553184380 1429
836393105 818
595704976 1217
804255092 142
122535246 400
954962588 516
33969229 1309
12919071 988
383911747 1408
744895744 1448
623340493 1967
509057506 1950
955600691 97
310739999 543
145172455 651
888304151 57
623469310 431
627118855 197
966398016 1679
184037719 94
451824512 244
170667813 1002
845641129 1029
916733636 443
240668885 1215
868788000 240
204516037 1299
394380500 1588
216492069 184
564609495 1483
413174379 726
480391148 701
80234341 1596
233271252 617
535427260 1075
602776553 587
166658926 1849
668406050 1742
948549076 1552
9183627 1761
443289436 1281
10101983 207
898971733 1730
537017139 530
242458077 1839
251795034 1092
91465683 1548
394707642 418
767649596 190
834773144 194
599444285 88
871746845 1408
517101032 1478
817118515 695
730252306 1792
697307078 122
199886033 742
303305112 1392
458859122 1634
403964015 505
123237305 387
280201572 1286
807401062 105
564981654 1089
897168904 810
975377669 1668
260452141 12
538806966 1470
358464367 502
453219298 551
713368424 1373
891415336 1347
997145631 1660
198810951 646
185089059 1781
50430945 363
26404858 611
432906630 1855
719195578 482
930480472 1546
248256239 1715
382256393 1632
555394664 373
155836730 1576
851255356 1882
966587568 1764
872446315 786
88383700 1357
173369546 1618
220375324 1751
724815430 437
8097476 1507
451092046 694
805044560 1307
542785792 1511
147929618 1560
875684357 434
714797341 1123
332748746 1881
870452081 977
905011479 1838
598374830 636
787443311 435
14697041 589
915988396 1331
230597925 531
442560617 1594
16727939 1687
482638129 1481
431731158 781
9818100 1749
341781085 1159
529730237 1568
650815655 29
138630056 1082
301861624 1238
111101505 1631
646981323 749
421205530 1459
972324259 1014
148846808 500
940400742 1940
488714902 53
124512701 1775
2652264 783
734380650 1461
62991608 1541
140737591 1606
759231797 1603
682858982 620
917330013 1688
518764253 705
605968331 975
609931954 1103
151442212 515
706320277 312
995120162 460
275731588 1203
209944548 462
829914051 956
846056028 1305
898057921 168
223702841 1325
30130610 1804
383314310 767
305465743 1908
768630392 861
249739249 1413
767147380 784
139227478 1456
141489773 70
299220914 548
766549889 42
41127050 1646
231628050 1044
517478011 353
620942402 1181
908657092 1599
223016681 1552
543757479 462
941782554 714
852522271 1578
770611865 62
75625932 194
902204896 755
816752392 1438
894941309 263
754683886 491
469376603 1061
982713224 752
167010074 1118
900876275 152
807386686 1230
272657200 65
268689989 1688
455058000 181
277446479 1739
257170907 1262
839501458 562
583183637 420
594098997 659
968591467 411
6319160 186
91746031 509
831173899 1145
167969849 848
264743568 356
479891454 1924
880153420 1032
159372375 1206
589499971 68
320436841 581
740706497 163
263891299 19
563725804 123
39739597 1650
842580431 1002
14152836 709
832461701 1314
208816644 700
713121626 1402
652174449 53
214050687 1966
59095152 884
63469516 1168
229880088 677
390452809 1766
418345724 1690
62676844 698
523758999 163
784814768 609
334279215 770
542848853 1916
826629665 1821
357670197 555
515272573 851
653782126 1256
167009937 1636
588772070 786
862749868 747
829522903 1795
993367929 510
259484813 1877
94177094 1692
485104246 44
937899087 1283
585106184 1129
374716730 1529
891790874 800
990481107 923
228635338 623
642618418 1262
297399906 1560
28543574 1766
355897282 753
580072157 1416
150355184 1930
903028309 1592
462317315 673
673763903 1523
871320919 1611
843875850 1895
831554191 375
898165663 471
955588264 1457
384211868 1221
783778209 963
328638836 837
140515797 1543
489543138 1109
514350118 693
524714416 1761
504040641 25
353903593 1874
652502152 619
766425617 1839
960671598 169
473271730 1434
737446379 424
762782701 769
827765229 1135
540216847 41
157410416 1600
140746705 158
388208553 1638
732356480 949
753040998 1920
715378934 125
42300472 1237
432077944 1183
112575933 12
382472398 1030
510043160 457
193709134 87
433728592 1966
69052048 237
150038506 66
666135157 1312
686578171 476
37087508 1571
730220791 1578
961847864 899
837698105 1893
829014723 1057
885093821 1249
336407819 42
309416128 1820
104926058 129
469708613 829
630977780 1717
112480064 1246
301864367 864
897544197 1894
721629396 436
48372700 709
897627038 159
476059701 1483
161003798 1405
298218224 1031
590647491 1898
989829215 1214
970094071 889
668942695 305
353722090 108
318882827 1048
6013000 904
330561382 1218
728253086 1939
299768925 1741
101026496 440
60676965 1581
781885020 1660
774057792 1375
910855196 455
622305325 1602
489938795 1774
58813105 306
365384491 1389
254548529 1332
434222847 418
882017534 1001
223813521 845
97756596 992
36489523 1128
576739753 1086
587106368 1392
745255414 1440
189722005 1225
120988618 192
655204548 534
802639593 1852
964311185 279
298075116 611
645356808 497
967302053 1000
971778203 665
87771332 1708
910450739 839
452510189 2000
999679122 156
473463684 1767
85991776 1366
176455719 1641
621799802 1592
642620393 36
915995214 1652
219499359 157
353043069 875
925950440 883
811579245 1268
495552588 1832
845325887 1892
999633509 711
488258785 1337
932189931 630
445585970 1769
992996616 1363
876274960 1251
917685170 1845
310754488 436
421165155 62
623330545 1346
216487674 138
465575072 1295
726945171 1883
253200924 1681
436999612 1365
377423147 1680
430947337 747
73349138 599
426471317 478
182272525 175
18489896 986
369939647 1185
692640209 1448
6762271 1888
206561767 601
659048275 1591
856951141 1396
950851385 1228
71794494 1325
587595900 1214
757699067 1485
615965998 1715
930428997 295
395670374 266
543887710 1933
897762087 1589
688250882 1439
569106952 255
926554296 1539
80339686 1995
61896141 479
607375361 1831
830603225 895
652866950 734
385997836 642
48689033 1266
678652111 131
407467515 960
478632399 1789
922997843 1644
609731224 1423
633769144 1296
787223563 1856
965042573 967
696553926 1246
957319095 968
939479092 206
242173223 1172
713248968 1282
233916839 778
336990040 1421
871980997 193
393533201 1774
302149103 337
409627016 443
102742096 1497
820995859 942
719246616 1238
368403728 1071
718136867 970
610358333 925
557163936 31
631439518 1097
605624385 1146
159903490 1708
509419975 320
529230606 324
298191933 1993
95210618 526
258229506 452
737071226 1240
442539666 918
19447756 1931
870317941 157
248669393 974
505905003 938
987315556 294
961624560 1168
130178264 33
829859482 753
456591433 856
114046977 1785
998563346 1705
479684084 1093
424704876 1478
883830864 873
693447932 580
836494281 570
649682668 1149
411075840 1196
945246266 1782
15981357 1311
233842385 759
469303470 498
296818700 418
427061635 1945
183443927 46
318183129 438
865096696 1586
957041931 728
179989063 584
945198364 753
292084459 1728
85922903 910
703078232 592
494269211 834
316945119 647
552519210 1726
375007522 943
347327351 935
493516549 335
608197431 83
787307900 746
442767302 1886
986028965 755
397128616 1957
883484402 1175
333462883 331
279874629 394
879755346 1400
772221546 712
31521545 543
111326229 15
946190813 1570
103996664 298
365337181 590
141413088 1785
331674738 379
996418440 1051
97475837 1065
597469880 673
81016167 1693
742608873 916
976081941 862
738748599 834
699286407 741
362711301 885
53525717 961
40432347 1873
299700543 1294
845524521 1531
150272358 503
141898327 1028
783447059 1646
41639721 1196
201904511 1879
966812683 1400
255656557 1060
782851644 1603
599190973 508
724764556 811
374855306 1483
78598290 1212
357465230 1178
191465667 129
440396886 1345
127713242 1940
239303077 225
859939614 995
750765415 884
501294078 1158
711401054 1592
5693577 1946
620916785 1890
266290187 1609
452473981 271
98728282 1905
827242458 380
183030174 1824
100238619 1739
28499123 1241
701406378 220
814795470 1087
691190781 1415
748995972 549
36002272 160
551095185 397
583868562 1567
176633028 1243
230625145 404
139006366 1486
500916525 517
842134822 711
287251625 948
964171546 1171
700711472 710
952245664 1005
68747095 551
196961043 371
652004472 1266
934075193 423
975106241 258
27440214 782
154955245 698
676147 1227
727925262 1472
124573632 1446
471156081 1767
480202238 1798
879879412 865
639157657 1163
416671896 1096
771085158 1876
655196629 1009
547891345 802
677605107 1134
748372534 1239
52869184 1713
627344928 1472
757745236 555
617791277 957
686685671 1799
479742896 382
306276869 960
944588231 1476
514003700 470
135883187 5
796113835 1182
685913231 326
540917624 479
529316180 1923
85643309 1399
303115121 1694
687161242 254
120213464 110
713401773 563
595959781 1146
791597124 1599
157114932 1129
559626793 996
639250169 1274
493920963 234
166464229 1788
510961277 57
352961895 1360
154980730 208
578023165 363
346675146 978
925610595 1072
100603270 1641
160774303 360
317287527 565
416203107 1636
214030270 1770
256713288 1201
21651720 802
363828320 81
989905960 1426
814534788 380
233889909 717
754315829 185
769509078 716
212911840 1647
74201760 1925
787646849 586
12928268 913
967704905 926
672518204 792
600891769 593
988167203 965
828226752 419
429569662 1925
341813857 803
17066843 593
97365515 500
358266791 589
196315563 1683
751262105 1084
136517010 709
426402467 272
42424318 470
606958468 477
720787563 763
638661265 647
65539163 1369
35156635 1697
194958565 151
364059522 118
911465564 1921
298223140 321
558677559 9
442085302 531
820873624 835
283861574 1479
890465730 511
835809420 1288
944113630 437
277574223 910
91202946 931
937647688 1223
233899715 541
948222205 1453
927528004 1287
763408284 1002
644613141 1970
960046638 1413
195669288 1663
79489947 1859
438126005 595
362650144 1614
339555971 1996
7884441 1126
983317806 808
860906891 433
962522865 530
151692015 836
401591817 842
598592589 144
232650486 337
576134225 1716
502876686 1633
620462766 756
920694893 1771
748604327 453
1782506 869
807451044 459
331018381 651
263162996 491
942482856 1205
491498169 1411
210643851 174
259688595 1644
168413032 1596
19023361 292
609260918 337
613931224 1837
685385923 436
788423988 530
345967809 1286
114175894 14
769055633 918
751359841 1963
9137488 311
185017935 288
112941362 313
124144047 1332
269595698 1296
339158774 1404
648054680 1307
608953669 1899
874934332 788
690860496 88
159551308 1024
537787610 729
499866166 95
139418587 1162
360494251 424
385641304 400
592431416 1916
437289244 557
878749596 1364
68421607 135
572388645 1390
771812186 1017
594648621 1777
830174471 558
374944469 388
83899252 771
396393801 895
721369506 637
970395621 944
480132694 1827
715543790 1053
919532037 1967
246536642 1894
479185802 1195
899039689 1001
651606239 452
810963860 1679
948862202 761
628050510 1764
94284833 1564
56346860 351
334918445 765
732105138 1487
383974572 1910
836258352 1386
296413747 634
312409840 712
67717788 1618
246113401 1389
670124645 430
93333816 1174
494015049 1274
148587689 960
117974961 1293
751479654 1553
933760777 887
13295692 676
926434636 1138
994682813 1779
452428206 727
620023282 60
856165374 1345
765918036 824
27818959 68
264399526 454
511611021 1830
674659390 900
623907830 729
887066864 4
671370064 1557
208982004 437
292860598 1047
28952713 1418
739942943 576
262615898 744
126300567 985
828191726 1694
777815098 1475
368029149 1137
434236225 1537
522281546 1489
160642053 107
212225351 396
304032630 1011
266644298 354
654316951 450
815283761 1908
726202259 1634
374730942 935
74633457 341
119736248 365
704276934 52
454993783 388
321777181 267
150599699 522
779750066 1092
585787862 669
122511461 770
524178755 437
218174064 1326
600318252 767
951041184 990
979526293 829
249625271 1146
390382150 246
406856114 1682
992401301 70
610112639 921
518826981 975
965018449 113
233622227 1729
160683313 1280
534392027 408
561995819 225
656348816 1692
71247584 78
171930323 438
367870590 61
300469103 436
321607362 1964
620762852 699
808450255 1304
80266017 207
266832652 227
186876748 407
466416775 463
642078144 687
22804427 845
170316590 1213
745231940 770
920975066 47
948613122 1817
413563242 68
656117713 1406
718970553 1573
992281335 1938
202711441 1966
369440152 1448
595493869 1668
506471967 1376
748905089 1934
288910845 483
804143969 1511
797236740 1773
155911974 1690
463360838 1416
24870643 1956
464848264 1603
657177812 1390
540934092 1403
916413080 7
471975678 550
694694677 902
558808609 1066
134024087 1055
780754276 929
721294570 1769
92892284 1333
459624313 802
816070650 5
481593435 1238
457113226 421
557317605 1910
661454296 1969
706107894 1763
429097416 1544
847337361 58
878579293 947
398308676 1612
756444874 1010
517723025 1794
809271390 71
568917040 426
35546514 1947
506969834 1845
473133132 33
16228726 214
198732621 1270
124164884 1506
335875236 1096
620893049 1298
715727198 616
460350787 23
460700600 1986
15321336 1092
616656713 254
23008198 483
378298789 1037
486457701 1430
168492340 1680
291362169 1059
54833994 807
592513571 777
873857060 1119
916567170 273
364391424 1643
702251711 1216
830910302 1892
425497705 1978
391366157 230
963910767 1033
792686264 1049
980524422 1011
452997644 1380
318396542 1711
28355550 998
538213859 693
479699515 1522
656610544 1253
825123672 549
950226762 74
549442715 834
415944831 1134
40704052 1784
742638318 1038
720084982 1445
362122141 1784
253099992 1420
577010196 685
965188659 977
88774240 1257
939886292 643
616812610 540
437047145 1165
774435486 1007
278109289 993
457810884 341
439504789 551
622451520 1337
95431396 1195
173757910 1291
742633773 1367
525988203 845
979133050 1190
143582374 3
110261051 1635
644538880 1356
373644328 266
416201255 1006
930963722 724
635664805 981
578882096 876
312435812 415
779681112 1358
840345149 251
277064569 1906
289607298 1211
613275265 493
463986949 1760
320730324 1626
256474754 1034
190204448 474
27492016 952
451158203 1538
809755006 895
728204572 1996
532522264 148
265311510 16
443864253 1154
408621307 1212
575661797 1078
327123565 721
837082473 1153
982476326 320
815471812 1495
271369596 1360
980041766 1720
521853301 457
52963974 851
408528332 678
903725267 675
440669394 292
535810472 1299
378489542 1772
824969200 237
462153098 591
75011894 645
119673319 1392
383624588 1495
737474633 1208
550035071 1408
778919125 147
127343483 1596
306804403 1525
125229193 1613
767848937 1969
717405789 867
839090004 1057
174228727 1663
554094098 834
836663799 1040
207991587 208
839354909 1938
462909899 117
973005482 28
235970271 1263
433224660 1782
974471931 1830
502381362 255
270001511 1789
38438747 18
130010586 659
11700767 1354
190738379 1571
732243974 1199
873024885 34
660439680 1071
20092569 468
964076306 238
815638770 1061
670733828 379
185935874 1603
297745594 1885
436831588 40
670212351 364
798718205 1189
400861230 1641
512448398 1743
207108840 615
557030113 1754
163817347 1248
686905772 1812
497776531 561
1635202 417
940387025 535
61150759 275
749385136 1954
972775235 210
27877678 7
441994550 1944
678867161 1320
774893778 1962
323808529 264
354070393 1137
173321866 622
95084154 1218
675953656 745
398083277 719
643229046 640
206279554 903
452201308 1240
821664735 218
962655273 355
79131031 771
175057919 622
913211101 93
748349240 590
822251965 1177
983695614 117
467390951 300
577587588 283
546421985 457
843207804 106
932440229 1236
286705768 1494
105172716 554
366688861 1026
131014687 303
859098117 1028
620187879 377
915614172 1945
931699903 1896
213721650 960
41565999 1750
192848734 1536
466218926 1689
510162859 682
586223538 1480
503088412 1186
377137021 666
754385195 82
696811447 761
931728163 234
763587456 1588
347909710 1363
126660497 316
217445893 603
115018773 355
185929106 831
237052074 1945
567308477 1164
484755089 203
28756857 936
321024138 202
395160164 1545
226234656 1236
401012429 12
81315137 671
497424975 699
675620024 1331
14707822 454
868345098 205
318174322 1544
639092673 93
824415955 318
827592152 1006
170197795 1097
76644176 1192
906262007 1270
144090555 27
882200937 1919
566133878 1477
18623681 29
467440888 525
878092570 496
