1982 985176582971
1982 985178141065
1982 985180093170
1982 985180202913
1982 985180884349
1982 985180994092
1982 985181651264
1982 985181761007
1982 985183402259
1982 985184377556
1982 985184504291
1982 985184784155
1982 985185154492
1982 985185376265
1982 985185575334
1982 985185935650
1982 985186145543
1982 985186255286
1982 985186342249
1982 985186912458
1982 985187007840
1982 985187022201
1982 985187703637
1982 985187813380
1982 985187887755
1982 985187897776
1982 985188007519
1982 985188119549
1982 985188229292
1982 985188664691
1982 985188678934
1982 985188774434
1982 985188886464
1982 985188958798
1982 985188996207
1982 985189085533
1982 985189195276
1982 985189445849
1982 985189455870
1982 985189565613
1982 985189667839
1982 985189677643
1982 985189751124
1982 985189765485
1982 985189787386
1982 985189860867
1982 985190516892
1982 985190518039
1982 985190556664
1982 985190627782
1982 985190836528
1982 985190893045
1982 985191196844
1982 985191309218
1982 985191323579
1982 985191418961
1982 985191517718
1982 985191603443
1982 985191684224
1982 985191739491
1982 985192308897
1982 985192394622
1982 985192411123
1982 985192451139
1982 985192468997
1982 985192520866
1982 985192530670
1982 985192566479
1982 985192578740
1982 985192588761
1982 985192810534
1982 985192949077
1982 985193075812
1982 985193170850
1982 985193178038
1982 985193260176
1982 985193287781
1982 985193297585
1982 985193355676
1982 985193369919
1982 985193371066
1982 985193518164
1982 985193577449
1982 985193940128
1982 985193969217
1982 985194027091
1982 985194078960
1982 985194124573
1982 985194136834
1982 985194146855
1982 985194162245
1982 985194346727
1982 985194368628
1982 985194442109
1982 985194456470
1982 985194707043
1982 985194717064
1982 985194802425
1982 985194826807
1982 985194929160
1982 985194938837
1982 985195048580
1982 985195067688
1982 985195086726
1982 985195137906
1982 985195194423
1982 985195209024
1982 985195247649
1982 985195304166
1982 985195395894
1982 985195498222
1982 985195692361
1982 985195778086
1982 985195904821
1982 985195914134
1982 985195978790
1982 985196000203
1982 985196014564
1982 985196031065
1982 985196076678
1982 985196098960
1982 985196208703
1982 985196320733
1982 985196430476
1982 985196459276
1982 985196570412
1982 985196625782
1982 985196680155
1982 985196681049
1982 985196691070
1982 985196800813
1982 985196822244
1982 985196867857
1982 985196880118
1982 985196890139
1982 985196945418
1982 985196999882
1982 985197102108
1982 985197111912
1982 985197147721
1982 985197148127
1982 985197221655
1982 985197250455
1982 985197369900
1982 985197462424
1982 985197472228
1982 985197530319
1982 985197536884
1982 985197545709
1982 985197570091
1982 985197589159
1982 985197634772
1982 985197657054
1982 985197712333
1982 985197752092
1982 985197766797
1982 985197791864
1982 985197869023
1982 985197878827
1982 985197952308
1982 985197988570
1982 985198062051
1982 985198099406
1982 985198209149
1982 985198312624
1982 985198322645
1982 985198337006
1982 985198432388
1982 985198470190
1982 985198503512
1982 985198521370
1982 985198544418
1982 985198558779
1982 985198577887
1982 985198631113
1982 985198654161
1982 985198660202
1982 985198687630
1982 985198697651
1982 985198705815
1982 985198743487
1982 985198757848
1982 985198779358
1982 985198853230
1982 985198919424
1982 985199001475
1982 985199103803
1982 985199128185
1982 985199230411
1982 985199261369
1982 985199288285
1982 985199340154
1982 985199349958
1982 985199369066
1982 985199383667
1982 985199385767
1982 985199398028
1982 985199408049
1982 985199423439
1982 985199464566
1982 985199478809
1982 985199488989
1982 985199510402
1982 985199544097
1982 985199570537
1982 985199598732
1982 985199620145
1982 985199629822
1982 985199686339
1982 985199885408
1982 985199977136
1982 985200028284
1982 985200079464
1982 985200086879
1982 985200135981
1982 985200189207
1982 985200190354
1982 985200205708
1982 985200245724
1982 985200255745
1982 985200273603
1982 985200280168
1982 985200311012
1982 985200347920
1982 985200383346
1982 985200389911
1982 985200455617
1982 985200477518
1982 985200495376
1982 985200510081
1982 985200531591
1982 985200550999
1982 985200565360
1982 985200605119
1982 985200612307
1982 985200657920
1982 985200722050
1982 985200731854
1982 985200753364
1982 985200767663
1982 985200972623
1982 985200981533
1982 985200982644
1982 985201040518
1982 985201047083
1982 985201092387
1982 985201102191
1982 985201138000
1982 985201139099
1982 985201150261
1982 985201156826
1982 985201175672
1982 985201195616
1982 985201204417
1982 985201246796
1982 985201261397
1982 985201262291
1982 985201314160
1982 985201317914
1982 985201322770
1982 985201356539
1982 985201359773
1982 985201372034
1982 985201382055
1982 985201397445
1982 985201403486
1982 985201449099
1982 985201513229
1982 985201544543
1982 985201558842
1982 985201661474
1982 985201707087
1982 985201729369
1982 985201763802
1982 985201831697
1982 985201839112
1982 985201886976
1982 985201906014
1982 985201941440
1982 985201942587
1982 985201951142
1982 985202013711
1982 985202043666
1982 985202053470
1982 985202060885
1982 985202083438
1982 985202100153
1982 985202109093
1982 985202123454
1982 985202126951
1982 985202129051
1982 985202141312
1982 985202151333
1982 985202163213
1982 985202164360
1982 985202170401
1982 985202207850
1982 985202216014
1982 985202236694
1982 985202261076
1982 985202280144
1982 985202317593
1982 985202321926
1982 985202325757
1982 985202363429
1982 985202373106
1982 985202384939
1982 985202409321
1982 985202429623
1982 985202482849
1982 985202511649
1982 985202539366
1982 985202629702
1982 985202631094
1982 985202733422
1982 985202733766
1982 985202771568
1982 985202798078
1982 985202835992
1982 985202850353
1982 985202881311
1982 985202891332
1982 985202893866
1982 985202895966
1982 985202918248
1982 985202932491
1982 985202945735
1982 985202955539
1982 985202989008
1982 985202991348
1982 985202999029
1982 985203003609
1982 985203013630
1982 985203027991
1982 985203108772
1982 985203113105
1982 985203140021
1982 985203176118
1982 985203200500
1982 985203210998
1982 985203220802
1982 985203235403
1982 985203249764
1982 985203256611
1982 985203268872
1982 985203330545
1982 985203360600
1982 985203422273
1982 985203470343
1982 985203582717
1982 985203639209
1982 985203641532
1982 985203658247
1982 985203685045
1982 985203687145
1982 985203692460
1982 985203699406
1982 985203709427
1982 985203765944
1982 985203773375
1982 985203794788
1982 985203819170
1982 985203835671
1982 985203860982
1982 985203875687
1982 985203880020
1982 985203881284
1982 985203893545
1982 985203900110
1982 985203921396
1982 985203931200
1982 985203953501
1982 985203967009
1982 985203977913
1982 985203987717
1982 985204004681
1982 985204040943
1982 985204057444
1982 985204060051
1982 985204061198
1982 985204097460
1982 985204100599
1982 985204103057
1982 985204114424
1982 985204115318
1982 985204125339
1982 985204151779
1982 985204170941
1982 985204179974
1982 985204187796
1982 985204208296
1982 985204235082
1982 985204261522
1982 985204262669
1982 985204318039
1982 985204364997
1982 985204383327
1982 985204485655
1982 985204522563
1982 985204550311
1982 985204579080
1982 985204602586
1982 985204630260
1982 985204648199
1982 985204649298
1982 985204684724
1982 985204740003
1982 985204744680
1982 985204759041
1982 985204769092
1982 985204771596
1982 985204772084
1982 985204786950
1982 985204814705
1982 985204824359
1982 985204826966
1982 985204852377
1982 985204866738
1982 985204869972
1982 985204881339
1982 985204892254
1982 985204896693
1982 985204906497
1982 985204942306
1982 985204962120
1982 985204971153
1982 985205001997
1982 985205023428
1982 985205044938
1982 985205053848
1982 985205069041
1982 985205112833
1982 985205146602
1982 985205174506
1982 985205222576
1982 985205289478
1982 985205331469
1982 985205334606
1982 985205370259
1982 985205393765
1982 985205397175
1982 985205439378
1982 985205444349
1982 985205451639
1982 985205492557
1982 985205506918
1982 985205511595
1982 985205516939
1982 985205541362
1982 985205553865
1982 985205562775
1982 985205615538
1982 985205619292
1982 985205651105
1982 985205651347
1982 985205661151
1982 985205663608
1982 985205672518
1982 985205673412
1982 985205673629
1982 985205683433
1982 985205689019
1982 985205719242
1982 985205729035
1982 985205734632
1982 985205738068
1982 985205738712
1982 985205746893
1982 985205756914
1982 985205771275
1982 985205793176
1982 985205836117
1982 985205866657
1982 985205895402
1982 985205904012
1982 985205937781
1982 985205941015
1982 985205978329
1982 985205978687
1982 985205993048
1982 985206013755
1982 985206014902
1982 985206080657
1982 985206086026
1982 985206088430
1982 985206117230
1982 985206125785
1982 985206137174
1982 985206139901
1982 985206188354
1982 985206195769
1982 985206235528
1982 985206236675
1982 985206242716
1982 985206249644
1982 985206274796
1982 985206288329
1982 985206298097
1982 985206308277
1982 985206339003
1982 985206345044
1982 985206352459
1982 985206363385
1982 985206382493
1982 985206398072
1982 985206401531
1982 985206403659
1982 985206418020
1982 985206454787
1982 985206455934
1982 985206456810
1982 985206492236
1982 985206496569
1982 985206500400
1982 985206501547
1982 985206511274
1982 985206523829
1982 985206538072
1982 985206562454
1982 985206583964
1982 985206604266
1982 985206613500
1982 985206618971
1982 985206623304
1982 985206633572
1982 985206659113
1982 985206664680
1982 985206704696
1982 985206710293
1982 985206714009
1982 985206721197
1982 985206733047
1982 985206745602
1982 985206766810
1982 985206774423
1982 985206784227
1982 985206805737
1982 985206806081
1982 985206820036
1982 985206830940
1982 985206840744
1982 985206855345
1982 985206876553
1982 985206898835
1982 985206922668
1982 985206931080
1982 985206966181
1982 985206968281
1982 985206990563
1982 985207024996
1982 985207027854
1982 985207040823
1982 985207041711
1982 985207075924
1982 985207092891
1982 985207099456
1982 985207100306
1982 985207120608
1982 985207149408
1982 985207202634
1982 985207209199
1982 985207212336
1982 985207247113
1982 985207247989
1982 985207259151
1982 985207263484
1982 985207283574
1982 985207292726
1982 985207293595
1982 985207304987
1982 985207314664
1982 985207315008
1982 985207322079
1982 985207329369
1982 985207370287
1982 985207371181
1982 985207403338
1982 985207404679
1982 985207424407
1982 985207424751
1982 985207431595
1982 985207450292
1982 985207477208
1982 985207480924
1982 985207490945
1982 985207512376
1982 985207515368
1982 985207526977
1982 985207536781
1982 985207541338
1982 985207551142
1982 985207557989
1982 985207570250
1982 985207572590
1982 985207586951
1982 985207622119
1982 985207624623
1982 985207625111
1982 985207646524
1982 985207667732
1982 985207679993
1982 985207690014
1982 985207697995
1982 985207713847
1982 985207730562
1982 985207745281
1982 985207757360
1982 985207759460
1982 985207771721
1982 985207781742
1982 985207807738
1982 985207832890
1982 985207838259
1982 985207867103
1982 985207891485
1982 985207911787
1982 985207940587
1982 985207948002
1982 985207952335
1982 985207994960
1982 985208003515
1982 985208014904
1982 985208032762
1982 985208050330
1982 985208054663
1982 985208060032
1982 985208060510
1982 985208074753
1982 985208113258
1982 985208128144
1982 985208142058
1982 985208142505
1982 985208152526
1982 985208152556
1982 985208162360
1982 985208169775
1982 985208170253
1982 985208171594
1982 985208209043
1982 985208216733
1982 985208217207
1982 985208222774
1982 985208235841
1982 985208250202
1982 985208254879
1982 985208260223
1982 985208268387
1982 985208272103
1982 985208279291
1982 985208282283
1982 985208324904
1982 985208332517
1982 985208345584
1982 985208354617
1982 985208363831
1982 985208364622
1982 985208369966
1982 985208374299
1982 985208378130
1982 985208389034
1982 985208392026
1982 985208394631
1982 985208406892
1982 985208415802
1982 985208416913
1982 985208430816
1982 985208434647
1982 985208437312
1982 985208452505
1982 985208456929
1982 985208462526
1982 985208472319
1982 985208481352
1982 985208481996
1982 985208526656
1982 985208536460
1982 985208557970
1982 985208572269
1982 985208591095
1982 985208591739
1982 985208638686
1982 985208674901
1982 985208678702
1982 985208684299
1982 985208720514
1982 985208748429
1982 985208752183
1982 985208777229
1982 985208794042
1982 985208823941
1982 985208841668
1982 985208843911
1982 985208851689
1982 985208880458
1982 985208895059
1982 985208896674
1982 985208899281
1982 985208919441
1982 985208933684
1982 985208942287
1982 985208946239
1982 985208953654
1982 985208961432
1982 985208964569
1982 985208990201
1982 985208999002
1982 985209000222
1982 985209002756
1982 985209027138
1982 985209041381
1982 985209055982
1982 985209063658
1982 985209066897
1982 985209073462
1982 985209074312
1982 985209112499
1982 985209122520
1982 985209136881
1982 985209141214
1982 985209146943
1982 985209161304
1982 985209161546
1982 985209176640
1982 985209182717
1982 985209183205
1982 985209183828
1982 985209198071
1982 985209221995
1982 985209229441
1982 985209243684
1982 985209248911
1982 985209256686
1982 985209293571
1982 985209303375
1982 985209321245
1982 985209339184
1982 985209344293
1982 985209358654
1982 985209361793
1982 985209376856
1982 985209405601
1982 985209447980
1982 985209448990
1982 985209451214
1982 985209466080
1982 985209469490
1982 985209511693
1982 985209515344
1982 985209523954
1982 985209543362
1982 985209557723
1982 985209560957
1982 985209579233
1982 985209583910
1982 985209590856
1982 985209598629
1982 985209626180
1982 985209635090
1982 985209686238
1982 985209687853
1982 985209691607
1982 985209700599
1982 985209710620
1982 985209733466
1982 985209735923
1982 985209744833
1982 985209745727
1982 985209755748
1982 985209767137
1982 985209784995
1982 985209793935
1982 985209801350
1982 985209808296
1982 985209818317
1982 985209865491
1982 985209894738
1982 985209903678
1982 985209912711
1982 985209913858
1982 985209928060
1982 985209932393
1982 985209945918
1982 985209952483
1982 985209952725
1982 985209964986
1982 985209968966
1982 985209975007
1982 985209988910
1982 985209995406
1982 985210002435
1982 985210005874
1982 985210006768
1982 985210010599
1982 985210020620
1982 985210023601
1982 985210030286
1982 985210040090
1982 985210062391
1982 985210075899
1982 985210084750
1982 985210088160
1982 985210113571
1982 985210116064
1982 985210116511
1982 985210126532
1982 985210130363
1982 985210149833
1982 985210152972
1982 985210167691
1982 985210168035
1982 985210189545
1982 985210196780
1982 985210209489
1982 985210223314
1982 985210224208
1982 985210232347
1982 985210232589
1982 985210234229
1982 985210242393
1982 985210260669
1982 985210270261
1982 985210284622
1982 985210306523
1982 985210310277
1982 985210315874
1982 985210330235
1982 985210343972
1982 985210352136
1982 985210370412
1982 985210380004
1982 985210380022
1982 985210389808
1982 985210411318
1982 985210417359
1982 985210424287
1982 985210425617
1982 985210435700
1982 985210527102
1982 985210528249
1982 985210551022
1982 985210573862
1982 985210576174
1982 985210592663
1982 985210596144
1982 985210630577
1982 985210631453
1982 985210654959
1982 985210685917
1982 985210698472
1982 985210700572
1982 985210705037
1982 985210705887
1982 985210712833
1982 985210719398
1982 985210758188
1982 985210772789
1982 985210777011
1982 985210788143
1982 985210793614
1982 985210797947
1982 985210808215
1982 985210814780
1982 985210817917
1982 985210830886
1982 985210833756
1982 985210853570
1982 985210867931
1982 985210876732
1982 985210879339
1982 985210880486
1982 985210893447
1982 985210895840
1982 985210907690
1982 985210913537
1982 985210914878
1982 985210920245
1982 985210922345
1982 985210927660
1982 985210934606
1982 985210934950
1982 985210944627
1982 985210960491
1982 985210990229
1982 985210999262
1982 985211001144
1982 985211005583
1982 985211015387
1982 985211024621
1982 985211029988
1982 985211037176
1982 985211051196
1982 985211054370
1982 985211070234
1982 985211073478
1982 985211075801
1982 985211082789
1982 985211097311
1982 985211110887
1982 985211114026
1982 985211121414
1982 985211132318
1982 985211135310
1982 985211146919
1982 985211156723
1982 985211165206
1982 985211177931
1982 985211192532
1982 985211200213
1982 985211201223
1982 985211221723
1982 985211274949
1982 985211295251
1982 985211309956
1982 985211319428
1982 985211331466
1982 985211335799
1982 985211343089
1982 985211365041
1982 985211377302
1982 985211386979
1982 985211387323
1982 985211398368
1982 985211401684
1982 985211412182
1982 985211421986
1982 985211422996
1982 985211443496
1982 985211452832
1982 985211457795
1982 985211496722
1982 985211497066
1982 985211503910
1982 985211504012
1982 985211531729
1982 985211549523
1982 985211553239
1982 985211555058
1982 985211560529
1982 985211563968
1982 985211564862
1982 985211606238
1982 985211609096
1982 985211613653
1982 985211620485
1982 985211622065
1982 985211623457
1982 985211638343
1982 985211659266
1982 985211662725
1982 985211662755
1982 985211671665
1982 985211674605
1982 985211684626
1982 985211704716
1982 985211715981
1982 985211718839
1982 985211725785
1982 985211747639
1982 985211748086
1982 985211758107
1982 985211761594
1982 985211772468
1982 985211772498
1982 985211781408
1982 985211782302
1982 985211782519
1982 985211790441
1982 985211792323
1982 985211799266
1982 985211806942
1982 985211828132
1982 985211828355
1982 985211840393
1982 985211842716
1982 985211855783
1982 985211864816
1982 985211865804
1982 985211873968
1982 985211880165
1982 985211884498
1982 985211888329
1982 985211902066
1982 985211905205
1982 985211916685
1982 985211919924
1982 985211926489
1982 985211938098
1982 985211962298
1982 985211969412
1982 985211974559
1982 985211975547
1982 985211979880
1982 985211982381
1982 985211983711
1982 985211984580
1982 985211993794
1982 985211994241
1982 985212004292
1982 985212012902
1982 985212036855
1982 985212049905
1982 985212062166
1982 985212067275
1982 985212082468
1982 985212087219
1982 985212087577
1982 985212101938
1982 985212122645
1982 985212126978
1982 985212189547
1982 985212192274
1982 985212197320
1982 985212203361
1982 985212206353
1982 985212234675
1982 985212243909
1982 985212248974
1982 985212257752
1982 985212258628
1982 985212289048
1982 985212289522
1982 985212295089
1982 985212302017
1982 985212304241
1982 985212340702
1982 985212344418
1982 985212344896
1982 985212346237
1982 985212351606
1982 985212383686
1982 985212388980
1982 985212391850
1982 985212397219
1982 985212404832
1982 985212429522
1982 985212443883
1982 985212450445
1982 985212453904
1982 985212453934
1982 985212461349
1982 985212471631
1982 985212506962
1982 985212508307
1982 985212510421
1982 985212525022
1982 985212529244
1982 985212539265
1982 985212553920
1982 985212563647
1982 985212563677
1982 985212566181
1982 985212566669
1982 985212573857
1982 985212576202
1982 985212605459
1982 985212609290
1982 985212620164
1982 985212628965
1982 985212631572
1982 985212632719
1982 985212646962
1982 985212655405
1982 985212655995
1982 985212665873
1982 985212671344
1982 985212674578
1982 985212675677
1982 985212683600
1982 985212685945
1982 985212686839
1982 985212693404
1982 985212711486
1982 985212722390
1982 985212723300
1982 985212732194
1982 985212742462
1982 985212746795
1982 985212751017
1982 985212751495
1982 985212765738
1982 985212766885
1982 985212768003
1982 985212773570
1982 985212785420
1982 985212797975
1982 985212819183
1982 985212828034
1982 985212831444
1982 985212833043
1982 985212841937
1982 985212849544
1982 985212853345
1982 985212854492
1982 985212873647
1982 985212883313
1982 985212893117
1982 985212907718
1982 985212913983
1982 985212926826
1982 985212928926
1982 985212941187
1982 985212945073
1982 985212951208
1982 985212959189
1982 985212964235
1982 985212967374
1982 985212970276
1982 985212973268
1982 985212975873
1982 985212991756
1982 985213015889
1982 985213018554
1982 985213049807
1982 985213053561
1982 985213054571
1982 985213054816
1982 985213068932
1982 985213071317
1982 985213075071
1982 985213085616
1982 985213094084
1982 985213095420
1982 985213099453
1982 985213128297
1982 985213139212
1982 985213150601
1982 985213163304
1982 985213172981
1982 985213184814
1982 985213196437
1982 985213201781
1982 985213209196
1982 985213213529
1982 985213220819
1982 985213233861
1982 985213248955
1982 985213255032
1982 985213256143
1982 985213301756
1982 985213306180
1982 985213311524
1982 985213315857
1982 985213316201
1982 985213321226
1982 985213330562
1982 985213335947
1982 985213357360
1982 985213358471
1982 985213365036
1982 985213365886
1982 985213372374
1982 985213375690
1982 985213411499
1982 985213413877
1982 985213422910
1982 985213423554
1982 985213423898
1982 985213430969
1982 985213432788
1982 985213438259
1982 985213442592
1982 985213468214
1982 985213474779
1982 985213477916
1982 985213478018
1982 985213478401
1982 985213513569
1982 985213513827
1982 985213516073
1982 985213520392
1982 985213523529
1982 985213532653
1982 985213533297
1982 985213533641
1982 985213537974
1982 985213540485
1982 985213542674
1982 985213551499
1982 985213552335
1982 985213558064
1982 985213559182
1982 985213571443
1982 985213580244
1982 985213586098
1982 985213587659
1982 985213594949
1982 985213622623
1982 985213625369
1982 985213625816
1982 985213633272
1982 985213635867
1982 985213636731
1982 985213640562
1982 985213645671
1982 985213650228
1982 985213660032
1982 985213663171
1982 985213681480
1982 985213689987
1982 985213693741
1982 985213695841
1982 985213718123
1982 985213732366
1982 985213733513
1982 985213735600
1982 985213742546
1982 985213742788
1982 985213746474
1982 985213750368
1982 985213755414
1982 985213758553
1982 985213764447
1982 985213772914
1982 985213773272
1982 985213782935
1982 985213797654
1982 985213816722
1982 985213837928
1982 985213839452
1982 985213847142
1982 985213852289
1982 985213852531
1982 985213854171
1982 985213860111
1982 985213862335
1982 985213866250
1982 985213880611
1982 985213890203
1982 985213890632
1982 985213934486
1982 985213935816
1982 985213939896
1982 985213941780
1982 985213944507
1982 985213975993
1982 985214000375
1982 985214004708
1982 985214009985
1982 985214025040
1982 985214037301
1982 985214041281
1982 985214047322
1982 985214054250
1982 985214061225
1982 985214082914
1982 985214092935
1982 985214102862
1982 985214112405
1982 985214112883
1982 985214141652
1982 985214157065
1982 985214160475
1982 985214163553
1982 985214166280
1982 985214196116
1982 985214198244
1982 985214202678
1982 985214222148
1982 985214222626
1982 985214223967
1982 985214231758
1982 985214237034
1982 985214251395
1982 985214260540
1982 985214261416
1982 985214269095
1982 985214269580
1982 985214276023
1982 985214280484
1982 985214298342
1982 985214306153
1982 985214307252
1982 985214314708
1982 985214318414
1982 985214324979
1982 985214326097
1982 985214331664
1982 985214334656
1982 985214343955
1982 985214363769
1982 985214377277
1982 985214378838
1982 985214382592
1982 985214389538
1982 985214407638
1982 985214408085
1982 985214416995
1982 985214417889
1982 985214418106
1982 985214424451
1982 985214427910
1982 985214441407
1982 985214444399
1982 985214453698
1982 985214459265
1982 985214463719
1982 985214473512
1982 985214482313
1982 985214482545
1982 985214483189
1982 985214484920
1982 985214487020
1982 985214499281
1982 985214504878
1982 985214509302
1982 985214515782
1982 985214524692
1982 985214525803
1982 985214527926
1982 985214533725
1982 985214533967
1982 985214537653
1982 985214540187
1982 985214550208
1982 985214561395
1982 985214564569
1982 985214571416
1982 985214576648
1982 985214583677
1982 985214604843
1982 985214629411
1982 985214635546
1982 985214639879
1982 985214643468
1982 985214643710
1982 985214645350
1982 985214659951
1982 985214681159
1982 985214681382
1982 985214685492
1982 985214686391
1982 985214693420
1982 985214697306
1982 985214702892
1982 985214711422
1982 985214725665
1982 985214726995
1982 985214727274
1982 985214731075
1982 985214747576
1982 985214770787
1982 985214772887
1982 985214785148
1982 985214791713
1982 985214793189
1982 985214804556
1982 985214805450
1982 985214807049
1982 985214821165
1982 985214845104
1982 985214857319
1982 985214880530
1982 985214894041
1982 985214902932
1982 985214915193
1982 985214925214
1982 985214932831
1982 985214933195
1982 985214947432
1982 985214949047
1982 985214951654
1982 985214952801
1982 985214965762
1982 985214992560
1982 985214994660
1982 985215003949
1982 985215005529
1982 985215006921
1982 985215007265
1982 985215016942
1982 985215028331
1982 985215042574
1982 985215042938
1982 985215055129
1982 985215062544
1982 985215068090
1982 985215073459
1982 985215074167
1982 985215088180
1982 985215089521
1982 985215102303
1982 985215109491
1982 985215109593
1982 985215126685
1982 985215132264
1982 985215135134
1982 985215155104
1982 985215164872
1982 985215173905
1982 985215175787
1982 985215178704
1982 985215183202
1982 985215183910
1982 985215185021
1982 985215194825
1982 985215199264
1982 985215211819
1982 985215213919
1982 985215219234
1982 985215226180
1982 985215229038
1982 985215230634
1982 985215236201
1982 985215242007
1982 985215244877
1982 985215250104
1982 985215264847
1982 985215268306
1982 985215271793
1982 985215281814
1982 985215285530
1982 985215291607
1982 985215292718
1982 985215300640
1982 985215304568
1982 985215306961
1982 985215309953
1982 985215321562
1982 985215331366
1982 985215338331
1982 985215345944
1982 985215352574
1982 985215355748
1982 985215367175
1982 985215374856
1982 985215378049
1982 985215391557
1982 985215396022
1982 985215402461
1982 985215406794
1982 985215410383
1982 985215412265
1982 985215415404
1982 985215426884
1982 985215429229
1982 985215448074
1982 985215448297
1982 985215449173
1982 985215452407
1982 985215457974
1982 985215470683
1982 985215472497
1982 985215484599
1982 985215485746
1982 985215490079
1982 985215492580
1982 985215493910
1982 985215494779
1982 985215502601
1982 985215503587
1982 985215514491
1982 985215525147
1982 985215560104
1982 985215567717
1982 985215571471
1982 985215576327
1982 985215586825
1982 985215596629
1982 985215599375
1982 985215599822
1982 985215604522
1982 985215612344
1982 985215613330
1982 985215624234
1982 985215627373
1982 985215632438
1982 985215632844
1982 985215636283
1982 985215637177
1982 985215641216
1982 985215651002
1982 985215669847
1982 985215678553
1982 985215692129
1982 985215692800
1982 985215699746
1982 985215706372
1982 985215707519
1982 985215713560
1982 985215714570
1982 985215716552
1982 985215724374
1982 985215735070
1982 985215743980
1982 985215746920
1982 985215756941
1982 985215759173
1982 985215788296
1982 985215795128
1982 985215797855
1982 985215798100
1982 985215809489
1982 985215812216
1982 985215819510
1982 985215823303
1982 985215826295
1982 985215834117
1982 985215837368
1982 985215844813
1982 985215853723
1982 985215854617
1982 985215855095
1982 985215856436
1982 985215863333
1982 985215864638
1982 985215868916
1982 985215893885
1982 985215900670
1982 985215902049
1982 985215907598
1982 985215912708
1982 985215915031
1982 985215946283
1982 985215947111
1982 985215960644
1982 985215966179
1982 985215966231
1982 985215974381
1982 985215976200
1982 985216003628
1982 985216010413
1982 985216011792
1982 985216017359
1982 985216021813
1982 985216041283
1982 985216049464
1982 985216054808
1982 985216056026
1982 985216059141
1982 985216059485
1982 985216062972
1982 985216073846
1982 985216073876
1982 985216075974
1982 985216076868
1982 985216083897
1982 985216086889
1982 985216114764
1982 985216115658
1982 985216119489
1982 985216129510
1982 985216134481
1982 985216141771
1982 985216168884
1982 985216169228
1982 985216176072
1982 985216193640
1982 985216196144
1982 985216196632
1982 985216197973
1982 985216211498
1982 985216218063
1982 985216221685
1982 985216225401
1982 985216235422
1982 985216239253
1982 985216243586
1982 985216251514
1982 985216257111
1982 985216260986
1982 985216261862
1982 985216263676
1982 985216271454
1982 985216275937
1982 985216276581
1982 985216276925
1982 985216281258
1982 985216285368
1982 985216285815
1982 985216285958
1982 985216295619
1982 985216305670
1982 985216317067
1982 985216328881
1982 985216330981
1982 985216331428
1982 985216341479
1982 985216343242
1982 985216351283
1982 985216353740
1982 985216362650
1982 985216363544
1982 985216379151
1982 985216391001
1982 985216393512
1982 985216395701
1982 985216415413
1982 985216417917
1982 985216418552
1982 985216424764
1982 985216432395
1982 985216433271
1982 985216437025
1982 985216438624
1982 985216439125
1982 985216461026
1982 985216461407
1982 985216473287
1982 985216478884
1982 985216483308
1982 985216488894
1982 985216488912
1982 985216497927
1982 985216498698
1982 985216507141
1982 985216507731
1982 985216526249
1982 985216534507
1982 985216543540
1982 985216543946
1982 985216546768
1982 985216550654
1982 985216552754
1982 985216556789
1982 985216563623
1982 985216564770
1982 985216565015
1982 985216571150
1982 985216575036
1982 985216580622
1982 985216595815
1982 985216597337
1982 985216603395
1982 985216604283
1982 985216617474
1982 985216626235
1982 985216635992
1982 985216638496
1982 985216646274
1982 985216648517
1982 985216660397
1982 985216674513
1982 985216683180
1982 985216684779
1982 985216685064
1982 985216699665
1982 985216701280
1982 985216703887
1982 985216705034
1982 985216714026
1982 985216746893
1982 985216758260
1982 985216759154
1982 985216765719
1982 985216778562
1982 985216792923
1982 985216794807
1982 985216807362
1982 985216814777
1982 985216819110
1982 985216821723
1982 985216826056
1982 985216826400
1982 985216858243
1982 985216868047
1982 985216870290
1982 985216881679
1982 985216883259
1982 985216897033
1982 985216906837
1982 985216917105
1982 985216921438
1982 985216925660
1982 985216926138
1982 985216926807
1982 985216935799
1982 985216936143
1982 985216941528
1982 985216942646
1982 985216945820
1982 985216965910
1982 985216966152
1982 985216967251
1982 985216978413
1982 985216980033
1982 985216984978
1982 985216987323
1982 985217002337
1982 985217012864
1982 985217016580
1982 985217023768
1982 985217024026
1982 985217029135
1982 985217030591
1982 985217036550
1982 985217038369
1982 985217042591
1982 985217043496
1982 985217043840
1982 985217048173
1982 985217052873
1982 985217053517
1982 985217056434
1982 985217069381
1982 985217076994
1982 985217083982
1982 985217088204
1982 985217089549
1982 985217122607
1982 985217133511
1982 985217135162
1982 985217138878
1982 985217144919
1982 985217146066
1982 985217147911
1982 985217157916
1982 985217162616
1982 985217163260
1982 985217166399
1982 985217179124
1982 985217184691
1982 985217187683
1982 985217187925
1982 985217190532
1982 985217191679
1982 985217199292
1982 985217200186
1982 985217201406
1982 985217209096
1982 985217210207
1982 985217222916
1982 985217228204
1982 985217230304
1982 985217236647
1982 985217242565
1982 985217243575
1982 985217244905
1982 985217245799
1982 985217252586
1982 985217255809
1982 985217255820
1982 985217264842
1982 985217265613
1982 985217268752
1982 985217274096
1982 985217274646
1982 985217293134
1982 985217301422
1982 985217319950
1982 985217323704
1982 985217337947
1982 985217346390
1982 985217348127
1982 985217355949
1982 985217362329
1982 985217365563
1982 985217370310
1982 985217378495
1982 985217383839
1982 985217384389
1982 985217386994
1982 985217388172
1982 985217388516
1982 985217393449
1982 985217395462
1982 985217402877
1982 985217403235
1982 985217423179
1982 985217429675
1982 985217430786
1982 985217444689
1982 985217451979
1982 985217457870
1982 985217464555
1982 985217465692
1982 985217474359
1982 985217486192
1982 985217495225
1982 985217495869
1982 985217496213
1982 985217505103
1982 985217505205
1982 985217510168
1982 985217510574
1982 985217514907
1982 985217540529
1982 985217545477
1982 985217550333
1982 985217550716
1982 985217561722
1982 985217564449
1982 985217584102
1982 985217604968
1982 985217605612
1982 985217605956
1982 985217607431
1982 985217610289
1982 985217612800
1982 985217612902
1982 985217615222
1982 985217617235
1982 985217624650
1982 985217650174
1982 985217652559
1982 985217653044
1982 985217658413
1982 985217663948
1982 985217667264
1982 985217672858
1982 985217673752
1982 985217690716
1982 985217708443
1982 985217712877
1982 985217715128
1982 985217717986
1982 985217718464
1982 985217722543
1982 985217726978
1982 985217732347
1982 985217732825
1982 985217734166
1982 985217747233
1982 985217762302
1982 985217766056
1982 985217768156
1982 985217769592
1982 985217771615
1982 985217779779
1982 985217783495
1982 985217786222
1982 985217790438
1982 985217793516
1982 985217800459
1982 985217811374
1982 985217815103
1982 985217815205
1982 985217824871
1982 985217827729
1982 985217828207
1982 985217829548
1982 985217834675
1982 985217843909
1982 985217856976
1982 985217866009
1982 985217866997
1982 985217870484
1982 985217875161
1982 985217881358
1982 985217889037
1982 985217889522
1982 985217892766
1982 985217908156
1982 985217917189
1982 985217921117
1982 985217924846
1982 985217927194
1982 985217928305
1982 985217934650
1982 985217937245
1982 985217940237
1982 985217951606
1982 985217954598
1982 985217973918
1982 985217982858
1982 985217991365
1982 985217993388
1982 985217995119
1982 985217997219
1982 985218012211
1982 985218014095
1982 985218019501
1982 985218026932
1982 985218027174
1982 985218028814
1982 985218036978
1982 985218038048
1982 985218046988
1982 985218047852
1982 985218049980
1982 985218056021
1982 985218064846
1982 985218083661
1982 985218088770
1982 985218089228
1982 985218092601
1982 985218101634
1982 985218103131
1982 985218104862
1982 985218110459
1982 985218114539
1982 985218114883
1982 985218129244
1982 985218134841
1982 985218138716
1982 985218139306
1982 985218145745
1982 985218150078
1982 985218153667
1982 985218153909
1982 985218170150
1982 985218175177
1982 985218184329
1982 985218184628
1982 985218191358
1982 985218195691
1982 985218196590
1982 985218206611
1982 985218231470
1982 985218235868
1982 985218241274
1982 985218249049
1982 985218259374
1982 985218259821
1982 985218277083
1982 985218296282
1982 985218304987
1982 985218305434
1982 985218311001
1982 985218314755
1982 985218316354
1982 985218317248
1982 985218332855
1982 985218336656
1982 985218341895
1982 985218351017
1982 985218352799
1982 985218355628
1982 985218356614
1982 985218366642
1982 985218367518
1982 985218378468
1982 985218390729
1982 985218397294
1982 985218398412
1982 985218403979
1982 985218406401
1982 985218413131
1982 985218424498
1982 985218428384
1982 985218435413
1982 985218441353
1982 985218449592
1982 985218455127
1982 985218457631
1982 985218457854
1982 985218461853
1982 985218499622
1982 985218500740
1982 985218513722
1982 985218515728
1982 985218523332
1982 985218524004
1982 985218538127
1982 985218538412
1982 985218545156
1982 985218552773
1982 985218554628
1982 985218557235
1982 985218559335
1982 985218562794
1982 985218567374
1982 985218567597
1982 985218568945
1982 985218571596
1982 985218577395
1982 985218577401
1982 985218578289
1982 985218581617
1982 985218600241
1982 985218606282
1982 985218612502
1982 985218613210
1982 985218622523
1982 985218625471
1982 985218626230
1982 985218633912
1982 985218635492
1982 985218636884
1982 985218648155
1982 985218657188
1982 985218672537
1982 985218675071
1982 985218684104
1982 985218685092
1982 985218688032
1982 985218709463
1982 985218716025
1982 985218719484
1982 985218724493
1982 985218732266
1982 985218735973
1982 985218739212
1982 985218745777
1982 985218755076
1982 985218765097
1982 985218774763
1982 985218779486
1982 985218781586
1982 985218784567
1982 985218793847
1982 985218794835
1982 985218795729
1982 985218799168
1982 985218803390
1982 985218803868
1982 985218808667
1982 985218819258
1982 985218819500
1982 985218820376
1982 985218829227
