19 8409758456
19 8967924031
18 7483126525
18 7537936197
18 7538887152
18 7718360780
18 7752064376
18 7761076727
18 7768376018
18 7795195352
18 7941449557
18 7989102706
18 7994680702
18 8021604714
18 8041292100
18 8096101772
18 8097052727
18 8123634409
18 8197495726
18 8233834186
18 8276526355
18 8310229951
18 8319242302
18 8326541593
18 8353360927
18 8362341959
18 8367044617
18 8389330795
18 8400109710
18 8499615132
18 8547268281
18 8552846277
18 8579770289
18 8755661301
18 8791999761
18 8920507534
18 8925210192
18 8947496370
18 8958275285
17 6611304266
17 6612255221
17 6667064893
17 6791728849
17 6825432445
17 6834444796
17 6841744087
17 6846538521
17 6847489476
17 6868563421
17 6880242117
17 6881193072
17 6889254468
17 6890205423
17 6896553759
17 6897504714
17 6923373093
17 6924324048
17 7014817626
17 7060666700
17 7062470775
17 7068048771
17 7069627298
17 7069679051
17 7070578253
17 7076978342
17 7094972783
17 7103382647
17 7103797676
17 7110681938
17 7117280447
17 7118231402
17 7119694289
17 7122858443
17 7123809398
17 7137501272
17 7146513623
17 7149782455
17 7150733410
17 7153812914
17 7169469841
17 7170420796
17 7197002478
17 7225230468
17 7250051881
17 7251812150
17 7252763105
17 7270863795
17 7283755477
17 7292767828
17 7297705030
17 7300067119
17 7303283026
17 7307202255
17 7325673467
17 7326624422
17 7326886453
17 7330207038
17 7331408626
17 7336986622
17 7340420977
17 7345998973
17 7347720268
17 7349894424
17 7353298264
17 7362011927
17 7362962882
17 7363910634
17 7372922985
17 7374539602
17 7380117598
17 7380222276
17 7383598020
17 7392610371
17 7399909662
17 7404704096
17 7405655051
17 7407041610
17 7426728996
17 7432236733
17 7435710028
17 7438407692
17 7439358647
17 7440412686
17 7447420043
17 7448370998
17 7454719334
17 7455670289
17 7462698864
17 7465940329
17 7473477779
17 7474952680
17 7481538668
17 7482251971
17 7482489623
17 7490519700
17 7491470655
17 7495222358
17 7496173313
17 7506098050
17 7509071305
17 7517508536
17 7518459491
17 7520793807
17 7526371803
17 7528287451
17 7529238406
17 7539801646
17 7542436510
17 7548813997
17 7553295815
17 7556113288
17 7572983201
17 7574024952
17 7576140106
17 7582932622
17 7585152457
17 7592451748
17 7600948964
17 7606526960
17 7618832275
17 7619271082
17 7620636350
17 7626214346
17 7627792873
17 7627844626
17 7628743828
17 7635143917
17 7653138358
17 7655325510
17 7661548222
17 7661963251
17 7668847513
17 7670944283
17 7675446022
17 7675646941
17 7676396977
17 7677859864
17 7681024018
17 7681974973
17 7695666847
17 7697933119
17 7702978659
17 7704647879
17 7704679198
17 7707948030
17 7708556655
17 7708712034
17 7708898985
17 7709350537
17 7711978489
17 7713660230
17 7718362888
17 7720959521
17 7725662179
17 7729186827
17 7731636715
17 7735480667
17 7740649066
17 7742415630
17 7747778855
17 7747948357
17 7751427981
17 7752481513
17 7758727272
17 7765525287
17 7774767691
17 7776839976
17 7782417972
17 7785546606
17 7808217456
17 7809341984
17 7813178436
17 7818756432
17 7829029370
17 7841921052
17 7845680444
17 7850933403
17 7855870605
17 7858232694
17 7861448601
17 7865367830
17 7883839042
17 7884789997
17 7885052028
17 7888372613
17 7889574201
17 7894033060
17 7895152197
17 7898586552
17 7898735718
17 7904164548
17 7905885843
17 7911371679
17 7911463839
17 7920177502
17 7921021896
17 7921128457
17 7922076209
17 7931088560
17 7931800811
17 7932705177
17 7938283173
17 7938387851
17 7941686209
17 7946388867
17 7947264205
17 7947710139
17 7951966863
17 7965207185
17 7968675045
17 7974188217
17 7974253041
17 7978890875
17 7979453960
17 7985031956
17 7993875603
17 7998578261
17 8001177053
17 8011955968
17 8020864439
17 8021571456
17 8031643354
17 8048685275
17 8049636230
17 8053387933
17 8054338888
17 8064263625
17 8075674111
17 8076217912
17 8076625066
17 8078959382
17 8080920570
17 8084537378
17 8086453026
17 8087403981
17 8097967221
17 8100602085
17 8103206748
17 8106979572
17 8111461390
17 8113985663
17 8114278863
17 8132190527
17 8134305681
17 8141098197
17 8143318032
17 8150079229
17 8150617323
17 8154781887
17 8159114539
17 8164692535
17 8177068065
17 8177436657
17 8186417689
17 8187846980
17 8191120347
17 8213406525
17 8224185440
17 8229109858
17 8233812516
17 8256098694
17 8262813454
17 8266877609
17 8267516112
17 8271825805
17 8276528463
17 8279125096
17 8283827754
17 8287352402
17 8289802290
17 8298814641
17 8300581205
17 8305944430
17 8306113932
17 8309593556
17 8310647088
17 8316892847
17 8319628120
17 8323690862
17 8332933266
17 8335005551
17 8340583547
17 8341914298
17 8343712181
17 8346616956
17 8352693213
17 8357395871
17 8367507559
17 8371344011
17 8376922007
17 8379682049
17 8403846019
17 8452198635
17 8456901293
17 8479187471
17 8489966386
17 8499851784
17 8504554442
17 8505429780
17 8510132438
17 8526840620
17 8532353792
17 8532418616
17 8537056450
17 8537619535
17 8543197531
17 8559342628
17 8570121543
17 8579737031
17 8708244804
17 8712947462
17 8735233640
17 8744583264
17 8746012555
17 8749285922
17 8771572100
17 8782351015
17 8877793695
17 8900079873
17 8904782531
17 8910858788
17 8915561446
17 8937847624
16 5740432962
16 5919906590
16 5920857545
16 5953610186
16 5954561141
16 5962622537
16 5963573492
16 5969921828
16 5970872783
16 5975667217
16 5996741162
16 5997692117
16 6009370813
16 6018383164
16 6025682455
16 6052501789
16 6134034769
16 6142995367
16 6143047120
16 6143946322
16 6150346411
16 6176750716
16 6177165745
16 6184050007
16 6188844441
16 6189795396
16 6190648516
16 6191599471
16 6193062358
16 6196226512
16 6197177467
16 6197856792
16 6198755994
16 6198807747
16 6205156083
16 6206107038
16 6210869341
16 6219881692
16 6223150524
16 6224101479
16 6227180983
16 6231560388
16 6231975417
16 6232511343
16 6232926372
16 6238859679
16 6239810634
16 6246409143
16 6247872030
16 6248822985
16 6251987139
16 6265679013
16 6266629968
16 6274691364
16 6275642319
16 6278911151
16 6281990655
16 6282941610
16 6298598537
16 6323419950
16 6325180219
16 6326131174
16 6357123546
16 6366135897
16 6371073099
16 6373435188
16 6376651095
16 6378229622
16 6379180577
16 6380940846
16 6399041536
16 6399992491
16 6400254522
16 6403575107
16 6404776695
16 6410354691
16 6411933218
16 6411984971
16 6412884173
16 6413789046
16 6419284262
16 6419367042
16 6420945569
16 6421088337
16 6421896524
16 6425882771
16 6426666333
16 6426833726
16 6428244860
16 6428296613
16 6429195815
16 6431460767
16 6432411722
16 6435379996
16 6436330951
16 6437278703
16 6446103596
16 6446291054
16 6447907671
16 6453485667
16 6453590345
16 6454802163
16 6455064194
16 6455115947
16 6456015149
16 6458384779
16 6459335734
16 6459586367
16 6460537322
16 6462000209
16 6462415238
16 6465164363
16 6466115318
16 6468598718
16 6469549673
16 6474176714
16 6475127669
16 6475898009
16 6476848964
16 6478072165
16 6479023120
16 6480409679
16 6481476005
16 6482426960
16 6488819543
16 6491140623
16 6492088375
16 6493039330
16 6496118834
16 6501100726
16 6502051681
16 6502717343
16 6503668298
16 6505131185
16 6505604802
16 6508295339
16 6508400017
16 6509246294
16 6509350972
16 6511775761
16 6512726716
16 6520788112
16 6521739067
16 6528087403
16 6529038358
16 6533832792
16 6535219351
16 6536170306
16 6539308398
16 6548320749
16 6554906737
16 6555620040
16 6555857692
16 6560414474
16 6561365429
16 6563887769
16 6564838724
16 6567536388
16 6568590427
16 6569541382
16 6576548739
16 6579466119
16 6582439374
16 6583848030
16 6590876605
16 6591827560
16 6592357801
16 6594118070
16 6594161876
16 6595069025
16 6599739872
16 6601370152
16 6601655520
16 6602606475
16 6603130421
16 6604081376
16 6608669443
16 6610429712
16 6610667364
16 6611380667
16 6613169715
16 6615804579
16 6619648396
16 6622182066
16 6624351054
16 6626663884
16 6629481357
16 6634275791
16 6635073748
16 6635226746
16 6635488777
16 6637249046
16 6638200001
16 6640010950
16 6642373039
16 6645588946
16 6646637232
16 6647393021
16 6648971548
16 6649023301
16 6649508175
16 6649922503
16 6651385390
16 6654549544
16 6654601297
16 6655500499
16 6656300691
16 6656322592
16 6657416147
16 6658520526
16 6661900588
16 6665819817
16 6667979387
16 6668930342
16 6669192373
16 6670614251
16 6671565206
16 6672512958
16 6674317033
16 6676991738
16 6677942693
16 6678204724
16 6679895029
16 6681473556
16 6681525309
16 6682424511
16 6682726897
16 6683141926
16 6684291029
16 6685241984
16 6685504015
16 6688304893
16 6688719922
16 6688824600
16 6690026188
16 6692200344
16 6692639151
16 6695604184
16 6699038539
16 6701160942
16 6701212695
16 6702111897
16 6702202693
16 6703153648
16 6704317847
16 6704616535
16 6705268802
16 6708511986
16 6711110363
16 6712061318
16 6713330198
16 6714281153
16 6715228905
16 6715643934
16 6716845522
16 6720629489
16 6721580444
16 6722423518
16 6722528196
16 6725857873
16 6728693579
16 6729126705
16 6730077660
16 6731435869
16 6731540547
16 6733157164
16 6734704701
16 6734916291
16 6735331320
16 6735655656
16 6738735160
16 6742215582
16 6744312352
16 6747010016
16 6747448823
16 6747960971
16 6748399778
16 6748814091
16 6749015010
16 6749347530
16 6749765046
16 6751227933
16 6754392087
16 6755343042
16 6756022367
16 6756921569
16 6756973322
16 6758359881
16 6763321658
16 6764272613
16 6765659172
16 6769034916
16 6771301188
16 6774542653
16 6776346728
16 6778015948
16 6778047267
16 6781316099
16 6781924724
16 6782080103
16 6782267054
16 6782718606
16 6783503251
16 6783555004
16 6784454206
16 6785346558
16 6787028299
16 6789725963
16 6790140992
16 6790676918
16 6790854295
16 6791091947
16 6791730957
16 6794327590
16 6797025254
16 6797976209
16 6799030248
16 6799122024
16 6800072979
16 6802554896
16 6803824682
16 6804574718
16 6804775637
16 6805004784
16 6806037605
16 6806988560
16 6808848736
16 6810152714
16 6814017135
16 6815783699
16 6817258600
16 6817673629
16 6821146924
16 6821316426
16 6823844588
16 6824557891
16 6824795543
16 6824796050
16 6825849582
16 6826110860
16 6827061815
16 6829396131
16 6831156400
16 6832095341
16 6832107355
16 6832825620
16 6832856939
16 6833570242
16 6833776575
16 6833807894
16 6834974127
16 6836734396
16 6836889775
16 6837076726
16 6837528278
16 6837685351
16 6837840730
16 6838479233
16 6838893356
16 6840156230
16 6841107185
16 6841837971
16 6842788926
16 6846540629
16 6847491584
16 6848135760
16 6848403970
16 6849137262
16 6850088217
16 6850208045
16 6851377225
16 6853839920
16 6854790875
16 6855786041
16 6857364568
16 6857416321
16 6858315523
16 6858914675
16 6859814456
16 6860389576
16 6860765411
16 6861898139
16 6863099727
16 6863658408
16 6864609363
16 6864715612
16 6867688867
16 6868677723
16 6868826807
16 6869777762
16 6870593371
16 6871544326
16 6872112078
16 6875956596
16 6876126098
16 6876907551
16 6877077053
16 6877690074
16 6879411369
16 6879605722
16 6880556677
16 6880659254
16 6881585525
16 6881610209
16 6882627276
16 6882710053
16 6884742430
16 6884989365
16 6886546505
16 6886905013
16 6887855968
16 6891119917
16 6891534946
16 6892124501
16 6893703028
16 6893754781
16 6894653983
16 6895601735
16 6898419208
16 6901054072
16 6902945432
16 6903896387
16 6904614086
16 6905017717
16 6905968672
16 6906230703
16 6907431559
16 6909551288
16 6910595713
16 6911546668
16 6911808699
16 6911913377
16 6913724347
16 6914675302
16 6915129284
16 6915289121
16 6916330872
16 6919048513
16 6924301472
16 6925238542
16 6925343223
16 6927458377
16 6927873406
16 6929238674
16 6931600763
16 6932642514
16 6934250893
16 6934757668
16 6934816670
16 6936395197
16 6937346152
16 6937519725
16 6938470680
16 6938732711
16 6941356177
16 6941550184
16 6942307132
16 6943254884
16 6943770019
16 6946934173
16 6947885128
16 6948832880
16 6952267235
16 6957207111
16 6957845231
16 6958158066
16 6958420097
16 6959461848
16 6959566526
16 6961577002
16 6961740682
16 6962942270
16 6963927834
16 6965144522
16 6967401129
16 6968520266
16 6970098793
16 6970150546
16 6970589353
16 6971049748
16 6971954621
16 6972103787
16 6973858185
16 6974809140
16 6977449837
16 6977532617
16 6977888644
16 6979111144
16 6979253912
16 6980062099
16 6984048346
16 6984739748
16 6984831908
16 6984999301
16 6986385860
16 6986410435
16 6986462188
16 6987361390
16 6989626342
16 6990577297
16 6991963856
16 6993545571
16 6994389965
16 6994496526
16 6995444278
16 6997631430
16 7004269171
16 7004456629
16 7005168880
16 7006073246
16 7006643781
16 7011580983
16 7011651242
16 7011755920
16 7012967738
16 7013229769
16 7013250203
16 7013281522
16 7013943072
16 7014180724
16 7015054278
16 7016550354
16 7017158979
16 7017501309
16 7017751942
16 7017952861
16 7018702897
16 7019756936
16 7020165784
16 7020580813
16 7020632274
16 7021078208
16 7022210801
16 7022262554
16 7023161756
16 7023329938
16 7024280893
16 7025334932
16 7026764293
16 7026913459
16 7026965212
16 7027715248
16 7027864414
16 7029561845
16 7032342289
16 7033293244
16 7034063584
16 7034264503
16 7035014539
16 7037789151
16 7038575254
16 7039549420
16 7039641580
16 7040239039
16 7040500375
16 7040592535
16 7040762406
16 7042043114
16 7044082991
16 7045284579
16 7046985118
16 7047556286
16 7047621110
16 7049199637
16 7049251390
16 7049306198
16 7050150592
16 7050253950
16 7050862575
16 7051017954
16 7051204905
16 7052258944
16 7052822029
16 7054284409
16 7054296930
16 7055966150
16 7056381179
16 7056550681
16 7058400025
16 7059266301
16 7059874926
16 7059978552
16 7060030305
16 7060217256
16 7060668808
16 7060882918
16 7060929507
16 7061083837
16 7061596221
16 7061833873
16 7063265441
16 7063296760
16 7066460914
16 7066565592
16 7067174217
16 7067329596
16 7067411869
16 7067516547
16 7067968099
16 7069863950
16 7070814905
16 7071492747
16 7072277792
16 7074127611
16 7074545122
16 7074566608
16 7075441946
16 7075517563
16 7075887880
16 7076392901
16 7076838835
16 7076980450
16 7077786587
16 7080144604
16 7080505098
16 7081095559
16 7082954986
16 7083370015
16 7085324037
16 7085442300
16 7086798938
16 7087804389
16 7088415555
16 7090084775
16 7090254277
16 7091020296
16 7093384926
16 7093733901
16 7093993551
16 7094098229
16 7094148930
16 7094335881
16 7094787433
16 7094939525
16 7096852786
16 7097803741
16 7099097126
16 7099266628
16 7101033192
16 7102365958
16 7102430782
16 7103316913
16 7103381737
16 7103799784
16 7105716053
16 7106396417
16 7107068616
16 7107631701
16 7107831207
16 7108019571
16 7108582656
16 7110045543
16 7111099075
16 7113209697
16 7114160652
16 7114623723
16 7116843558
16 7117073611
16 7117944308
16 7119145896
16 7120917563
16 7121780760
16 7122053344
16 7123004299
16 7124142849
16 7124723892
16 7126085962
16 7126756002
16 7127358756
16 7127706957
16 7127852526
16 7128158247
16 7129354794
16 7130305749
16 7132640065
16 7133385253
16 7133736243
16 7135457538
16 7136864877
16 7137631694
16 7138218061
16 7140133709
16 7141035534
16 7141084664
16 7144164168
16 7149042180
16 7149585981
16 7149749197
16 7149993135
16 7150523376
16 7150700152
16 7150962183
16 7151647904
16 7152327451
16 7154282768
16 7154288639
16 7155484356
16 7157905447
16 7159535727
16 7159821095
16 7160660255
16 7160772050
16 7161062352
16 7162276872
16 7164496707
16 7166835018
16 7167854868
16 7167959546
16 7170074703
16 7171335290
16 7171795998
16 7173970154
16 7176574817
16 7177373994
16 7177813971
16 7180347641
16 7182516629
16 7184829459
16 7185871210
16 7187353732
16 7187646932
16 7187986364
16 7192441366
16 7193239323
16 7193392321
16 7193654352
16 7194778880
16 7196998715
16 7198176525
16 7198615332
16 7200538614
16 7202635384
16 7203754521
16 7204193328
16 7204298006
16 7204395653
16 7204802807
16 7205346608
16 7205558596
16 7207137123
16 7207188876
16 7207338042
16 7207673750
16 7208088078
16 7209098311
16 7209550965
16 7210049266
16 7212715119
16 7212766872
16 7213666074
16 7214466266
16 7214488167
16 7215581722
16 7216686101
16 7219974003
16 7220066163
16 7223447298
16 7223985392
16 7226144962
16 7227095917
16 7227357948
16 7228149956
16 7228779826
16 7229624220
16 7229730781
16 7230678533
16 7231117340
16 7231384489
16 7232335444
16 7232482608
16 7234669760
16 7235157313
16 7236108268
16 7236338980
16 7236370299
16 7238060604
16 7239639131
16 7239690884
16 7240247756
16 7240403135
16 7240590086
16 7240892472
16 7241041638
16 7241307501
16 7242163404
16 7242456604
16 7243114359
16 7243407559
16 7243669590
16 7245351331
16 7246470468
16 7246885497
16 7246990175
16 7248191763
16 7250053989
16 7250288533
16 7250436134
16 7250804726
16 7252650622
16 7253677599
16 7253769759
16 7254991191
16 7255866529
16 7256312463
16 7257204114
16 7257353280
16 7259785758
16 7260368268
16 7260569187
16 7261215049
16 7261319223
16 7262483422
16 7262689950
16 7262782110
16 7263327816
16 7263434377
16 7264488416
16 7267171768
16 7269275938
16 7269989241
16 7270226893
16 7271495773
16 7272340167
16 7272446728
16 7273394480
16 7273809509
16 7274106731
16 7275011097
16 7277277369
16 7278256970
16 7278795064
16 7279207925
16 7279469956
16 7279639458
16 7279746019
16 7280589093
16 7280693771
16 7282790541
16 7282855365
16 7282959628
16 7283119082
16 7283910583
16 7283992129
16 7284023448
16 7284172614
16 7286774594
16 7287292280
16 7287493199
16 7287900905
16 7288056284
16 7288243235
16 7288694787
16 7289570125
16 7289601444
16 7289706122
16 7290016059
16 7290418373
16 7291322739
16 7292870276
16 7293004480
16 7293634280
16 7293821231
16 7294272783
16 7296808575
16 7296900735
16 7297553509
16 7297707138
16 7298582476
16 7299028410
16 7300303771
16 7302477927
16 7303285134
16 7305006429
16 7305245806
16 7305614398
16 7305881767
16 7306196761
16 7306327701
16 7306458792
16 7306565353
16 7307180585
16 7307513105
16 7308531077
16 7309779377
16 7310584425
16 7310980965
16 7314109073
16 7314595430
16 7314824917
16 7315546385
16 7316024721
16 7316494137
16 7316525456
16 7316558961
16 7316975676
16 7317237707
16 7319298088
16 7319993316
16 7320249043
16 7320402913
16 7320558292
16 7321196795
16 7321759880
16 7323824747
16 7325506488
16 7325571312
16 7327123105
16 7327292607
16 7327337876
16 7329466763
16 7330173780
16 7330209146
16 7330772231
16 7331825763
16 7332701101
16 7332805779
16 7332870603
16 7333147035
16 7336181523
16 7336350227
16 7337403759
16 7337508437
16 7338071522
16 7340245678
16 7340884181
16 7341033085
16 7341584266
16 7342535221
16 7343482973
16 7343649518
16 7344869537
16 7345193874
16 7349896532
16 7350447533
16 7352363181
16 7352493165
16 7352495324
16 7353314136
16 7354111941
16 7354261888
16 7357195823
16 7357287599
16 7358238554
16 7359625113
16 7359689937
16 7359794615
16 7360720471
16 7361762222
16 7361990257
16 7362941212
16 7363170359
16 7363274239
16 7363877376
16 7364327771
16 7364890856
16 7370468852
16 7370573530
16 7372182710
16 7372889727
16 7373949274
16 7377371545
16 7379312499
16 7379482001
16 7380189018
16 7382961625
16 7384015157
16 7384276435
16 7384820236
16 7385227390
16 7386613949
16 7387561706
16 7388686234
16 7389522894
16 7390260916
16 7390991195
16 7391942150
16 7392996189
16 7393139702
16 7394264230
16 7395055350
16 7395693853
16 7396006305
16 7396644808
16 7397058931
16 7397392864
16 7398100682
16 7400003546
16 7400954501
16 7404706204
16 7405657159
16 7406301335
16 7406569545
16 7407008352
16 7407302837
16 7408253792
16 7408373620
16 7411809072
16 7412005495
16 7412956450
16 7413951616
16 7415282367
16 7415530143
16 7415581896
16 7416481098
16 7417080250
16 7417980031
16 7418523832
16 7418930986
16 7419985025
16 7420063714
16 7421265302
16 7422587987
16 7422881187
16 7423226490
16 7425024694
16 7426061282
16 7426843298
16 7426992382
16 7427536183
16 7427943337
16 7428758946
16 7429709901
16 7430277653
16 7430602690
16 7430763940
16 7432238841
16 7434122171
16 7434291673
16 7434835474
16 7435073126
16 7435242628
16 7435855649
16 7437576944
16 7437771297
16 7438722252
16 7438824829
16 7439538132
16 7439775784
16 7440792851
16 7440875628
16 7442908005
16 7443062780
16 7443154940
16 7444712080
16 7445070588
16 7445512668
16 7446021543
16 7447805861
16 7448756816
16 7449285492
16 7449700521
16 7450290076
16 7451868603
16 7451920356
16 7452819558
16 7453050118
16 7453767310
16 7454525019
16 7456291583
16 7456584783
16 7458681553
16 7459219647
16 7461111007
16 7461654808
16 7461824310
16 7462061962
16 7462779661
16 7463183292
16 7463384211
16 7464134247
16 7464396278
16 7465303934
16 7465597134
16 7466357466
16 7467716863
16 7468761288
16 7469712243
16 7469974274
16 7470078952
16 7470092039
16 7471042994
16 7471889922
16 7472603225
16 7472840877
16 7473294859
16 7473377310
16 7474496447
16 7474794697
16 7475745652
16 7477214088
16 7478079968
16 7478955306
16 7479401240
16 7480870954
16 7481821909
16 7483404117
16 7483508798
16 7483657964
16 7485573612
16 7485623952
16 7485670389
16 7486038981
16 7486524567
16 7488643644
16 7490715929
16 7490808089
16 7492385149
16 7492416468
16 7492923243
16 7495020013
16 7495685300
16 7496293925
16 7496449304
16 7496636255
16 7496898286
16 7497087807
16 7499422559
16 7499521752
16 7499715759
16 7499722671
16 7500366146
16 7500472707
16 7501397500
16 7501420459
16 7501935594
16 7505099748
16 7505879318
16 7505944142
16 7506050703
16 7506100158
16 7506998455
16 7507859790
16 7508696791
16 7508810745
16 7510432810
16 7510581976
16 7511145061
16 7513399449
16 7516010806
16 7516723057
16 7517627423
16 7517732101
16 7519373985
16 7519742577
16 7522008849
16 7523217937
16 7523310097
16 7525566704
16 7526608455
16 7527054389
16 7528386336
16 7528723609
16 7528754928
16 7530152900
16 7530269362
16 7531311113
16 7532023760
16 7532632385
16 7532787764
16 7532868154
16 7532974715
16 7533426267
16 7535516125
16 7535685627
16 7536054219
16 7537735960
16 7539165251
16 7540218783
16 7542438618
16 7543647069
16 7544551435
16 7545035251
16 7546464542
16 7549737909
16 7550129431
16 7552555540
16 7553262557
16 7553532467
16 7553597291
16 7555712445
16 7558235125
16 7559110463
16 7559556397
16 7562504961
16 7563334455
16 7563813121
16 7564376206
16 7564724796
16 7566491360
16 7571415778
16 7571854585
16 7572024087
16 7573219853
16 7573283876
16 7575503711
16 7576118436
16 7576557243
16 7577922511
16 7578797849
16 7580376376
16 7580428129
16 7580521303
16 7581327331
16 7582803002
16 7583500507
16 7585079034
16 7585130787
16 7586029989
16 7586099299
16 7587727420
16 7591300218
16 7592430078
16 7595954726
16 7596878214
16 7598404614
16 7598843421
16 7600208689
16 7600915706
16 7605721861
16 7605786685
16 7606493702
16 7607365212
16 7607416965
16 7607909013
16 7608316167
16 7609183529
16 7609622336
16 7610424519
16 7610987604
16 7612611671
16 7614131725
16 7614546754
16 7614716256
16 7616565600
16 7618144127
16 7618195880
16 7618834383
16 7619095082
16 7619249412
16 7621431016
16 7625495171
16 7626133674
16 7628029525
16 7628230444
16 7628980480
16 7629658322
16 7630443367
16 7632293186
16 7632710697
16 7632732183
16 7633417714
16 7633607521
16 7633683138
16 7634558476
16 7634897849
16 7635146025
16 7638310179
16 7638670673
16 7639261134
16 7641120561
16 7641535590
16 7643489612
16 7643607875
16 7645676764
16 7645969964
16 7648250350
16 7648419852
16 7649185871
16 7650516622
16 7651899476
16 7652314505
16 7652953008
16 7653105100
16 7655018361
16 7655219280
16 7655562162
16 7655969316
16 7657262701
16 7657432203
16 7659198767
16 7660264820
16 7660531533
16 7660596357
16 7661140158
16 7661295537
16 7661482488
16 7661547312
16 7661934040
16 7661965359
16 7663881628
16 7664561992
16 7665234191
16 7665797276
16 7665842816
16 7665996782
16 7665998195
16 7666185146
16 7666748231
16 7668211118
16 7669264650
16 7670946391
16 7671375272
16 7672326227
16 7672789298
16 7675009133
16 7675239186
16 7676109883
16 7677311471
16 7678245682
16 7679946335
16 7681770330
16 7682308424
16 7682550998
16 7682889467
16 7684220218
16 7684251537
16 7685524331
16 7686018101
16 7686323822
16 7686472988
16 7687520369
16 7688064170
16 7688128994
16 7688284373
16 7688471324
16 7688922876
16 7690805640
16 7691550828
16 7691901818
16 7692766828
16 7693232569
16 7693329913
16 7693623113
16 7694999133
16 7695030452
16 7696383636
16 7697935227
16 7698299284
16 7698907909
16 7699201109
16 7699250239
16 7699701791
16 7700531860
16 7702329743
16 7704011484
16 7705065016
16 7705234518
16 7707914772
16 7708714142
16 7708759166
16 7708865727
16 7709127758
16 7709813479
16 7711310775
16 7712448343
16 7713649931
16 7715053006
16 7716013433
16 7718108790
16 7718825830
16 7719227927
16 7719538081
16 7720442447
16 7721987969
16 7722662282
16 7722811448
16 7725831921
16 7726020443
16 7726125121
16 7727351194
16 7728240278
16 7729423479
16 7729961573
16 7731000320
16 7732053852
16 7734126137
16 7735001475
16 7735447409
16 7735539569
16 7738130109
16 7738299611
16 7739704133
16 7742832767
16 7744036785
16 7745097626
16 7746151939
16 7752944455
16 7755164290
16 7755876541
16 7756412315
16 7756780907
16 7760800959
16 7761925487
16 7761990311
16 7762358903
16 7762463581
16 7765118945
16 7765503617
16 7765761939
16 7766628145
16 7767191230
16 7770464597
16 7771339935
16 7772769226
16 7776042593
16 7781612873
16 7786315531
16 7787789795
16 7788914323
16 7789282915
16 7792750775
16 7794504555
16 7798263947
16 7798328771
16 7798568710
16 7799207213
16 7799693238
16 7802966605
16 7803516906
16 7803529690
16 7808219564
16 7808454108
16 7808601709
16 7809107686
16 7810816197
16 7813156766
16 7814032104
16 7815518855
16 7817951333
16 7818734762
16 7819380624
16 7821493391
16 7822653991
16 7825252783
16 7830505742
16 7832272306
16 7835442944
16 7836031698
16 7836422545
16 7837373500
16 7837635531
16 7837805033
16 7840956116
16 7841020940
16 7841125203
16 7841284657
16 7842076158
16 7842157704
16 7842338189
16 7844940169
16 7845658774
16 7846221859
16 7846860362
16 7847735700
16 7848583948
16 7851170055
16 7851319221
16 7851799855
16 7852438358
16 7855719084
16 7855872713
16 7856748051
16 7858469346
16 7861450709
16 7863172004
16 7863411381
16 7863955182
16 7864047342
16 7864362336
16 7864624367
16 7866696652
16 7867944952
16 7868657840
16 7868750000
16 7869146540
16 7872274648
16 7872761005
16 7873605399
16 7873711960
16 7874190296
16 7874659712
16 7874724536
16 7875141251
16 7875403282
16 7877463663
16 7878158891
16 7878308057
16 7878414618
16 7878723867
16 7879362370
16 7879925455
16 7883672063
16 7883736887
16 7884384314
16 7885288680
16 7885458182
16 7885503451
16 7888339355
16 7888374721
16 7888937806
16 7889086972
16 7889991338
16 7890866676
16 7890944018
16 7890971354
16 7891036178
16 7894515802
16 7895569334
16 7895674012
16 7896237097
16 7898972370
16 7899198660
16 7899749841
16 7900293642
16 7900700796
16 7901648548
16 7901722933
16 7901815093
16 7903035112
16 7904550366
16 7904996300
16 7908613108
16 7910528756
16 7910660899
16 7911373150
16 7911479711
16 7912277516
16 7912427463
16 7917790688
16 7917855512
16 7917960190
16 7919927797
16 7921258548
16 7921439814
16 7922042951
16 7922493346
16 7923056431
16 7925961206
16 7926836544
16 7927282478
16 7928634427
16 7928739105
16 7931055302
16 7931474378
16 7931539202
16 7932037463
16 7935537120
16 7936740121
16 7937615459
16 7938061393
16 7938354593
16 7942318117
16 7944779524
16 7946851809
16 7951161764
16 7952429805
16 7953760556
16 7955558439
16 7956266257
16 7958463214
16 7959026299
16 7964539471
16 7964604295
16 7965173927
16 7969242129
16 7973447942
16 7974154959
16 7978150600
16 7978857617
16 7983190269
16 7984226857
16 7988768265
16 7988929515
16 7991528307
16 8001143795
16 8005971436
16 8006922391
16 8011215693
16 8011922710
16 8016847128
16 8021549786
16 8028257614
16 8029208569
16 8031542885
16 8032960272
16 8033504073
16 8033911227
16 8036245543
16 8037120881
16 8039036529
16 8039987484
16 8041823539
16 8043739187
16 8043835964
16 8044690142
16 8050550724
16 8053185588
16 8054614879
16 8055253382
16 8055790251
16 8057888246
16 8058531721
16 8059563075
16 8060492909
16 8064044893
16 8064109717
16 8064265733
16 8066025365
16 8066569166
16 8066862366
16 8066976320
16 8068747551
16 8069310636
16 8071271824
16 8071565024
16 8074888632
16 8077539560
16 8080174424
16 8084774030
16 8086551911
16 8086889184
16 8088318475
16 8089476688
16 8090953339
16 8091033729
16 8091591842
16 8093558002
16 8093681700
16 8093851202
16 8095901535
16 8097330826
