743685088
969354131
1
1
955746459
672495286
392
1
289
221379931
54393741
251826207
967000764
46480318
612436234
760398783
869439468
11
130321
944970108
576901539
1
1
252
511336006
1369
242626684
944984250
858490890
1
1
755810045
517577915
1
1
1
5
2187
872415232
1
1
245708573
347
177147
185921272
207234935
865165785
9472
81
1
147
1
794374570
19683
1
1
40310784
1
67049563
1
986271180
620620334
1594323
536396504
119651805
12443
492075
1
1
744686787
320000
790706091
1
1
4775
104472128
17
711902277
130312847
18688000
1
2401
16807
754418326
149639221
1369
437218731
947749553
1
1
267567572
92876167
100
606363852
63869
163040565
925173233
987628557
865810542
288603514
161051
883270120
823543
206251266
1
463622123
60791301
208220625
25
1
1
114340249
39100009
330903481
367298152
2048
597431612
872758500
60265391
1
1399
631223956
381170962
1
1
3704173
535396697
162261460
19683
662141172
311597199
462221565
5
581565913
393124822
519561216
15647317
1
471611255
1
479686344
887503681
1
565726395
1
1874161
23
256
80065005
2704
13
552883347
930336977
1
1
603530559
1
1
1
135
203
1
268435456
627067591
81
179
1
1
272195345
280749829
227829929
117
53747712
1
1
1
134099126
10861050
989355611
310812366
5
625
164025
1
7
800
1
864536409
625
9765625
724223873
248320570
798369900
58281363
449092166
445376728
970223735
768229462
703230809
635496663
430973056
531383197
1
975523612
80065005
1
854235959
29
81
11
1
512
1
860407136
1
279990294
253202112
121
73
484628875
233517370
1053
579440654
1
1
1
187417792
91723
11
794815343
594295162
1
5
1
951047217
310908310
71
1
565633056
697238927
719476260
643720746
669455167
1
738859579
293097866
202534568
1
1
18225
14348907
103
162261460
565726395
984687431
963573898
541924058
1
381059392
1
1
30
4096
298390173
190959274
1
252251721
392402104
13
517577915
1675
24187
743412753
1936
912673
291172004
3365793
2209
887910186
2
1
934692652
719476260
59049
1
143178169
472854576
4782969
977326736
360695917
92960636
39639375
37072
3888
1
404825426
1
625
1
365041349
989784715
309634274
1
1
673664973
8192
906296293
1
1
615273484
1
460353133
629359993
23
271
4756725
2187
1
359738130
701296427
3418801
393269435
169
1
1
852475674
1
244140625
900849429
999992839
15625
5
918330048
358158117
617484818
708478389
416
670304001
17622931
52217879
256
616499755
4020575
25
2
566243259
640056263
935802401
435299961
1
1
1
1
527164311
7
766018774
645089289
247410895
788412361
97036266
7
1
4
785090433
402822754
40353607
1278601
29
1
541924058
253733418
902094427
671744
27
398728705
45349632
1
27
193056075
802464343
7
292645609
877905026
560101136
167
54
1
1
82345917
470271516
37683680
731794257
1
71149384
1
9
1
37
380637318
354663182
1
786633878
1
589225460
908103059
376715056
963573898
559872
30625
1
627755527
496024073
10309
379
1
1
829374928
1
987697122
1
900849429
353260525
1369
725718280
37
201283722
775192660
143776991
850237993
1
241140006
357947677
777276889
1
16
336798037
969819504
713
523757186
2097152
999770631
809202437
25
2
413
343
786126386
975090786
582926302
161051
10
51
700837746
544832246
1
951302263
1
2
341978639
1
4149683
804233889
1
589934536
17
389400750
670019235
606235817
1771561
262063058
5334336
27912589
1
836844666
687780390
4201472
471295163
19
732376593
373942795
1
1
401695048
108
1
6840275
353711935
1
973019699
1
26368
1
1
1
146668195
1
40353607
604499303
953271190
3125
134217728
752178602
804077942
68921
1
244140625
268559489
1
410093333
743803111
289
177147
1
16000000
7
1
939447791
2
335376355
10878976
1
1
37
138706101
125
1
1
1771561
390938541
14641
679296861
724590101
792294829
460082342
1
841287110
945520485
1
672093073
930336977
347
786601855
27
1
79507
469
1
276892935
25600
16
398631819
370093739
966845689
824297847
449976281
728257907
1
19
14641
1
479058937
1
637335208
2209
27
990843793
597431612
2476099
893575971
1
543121000
1771561
24
243
174859375
65626654
821769509
998064805
121
721219637
803987358
275792844
1
37
634690023
981099971
214672043
1
1
1
49
1
697238927
70475813
1
490381305
504261815
792294829
1
580237094
32575
726542106
403202159
92
66519465
1
20511149
849697464
16
376185383
360959608
1
941775042
1
851579575
11875
1
260826899
90796189
70588980
1
561682750
49
4423424
3125
1
1
19
531441
1
828125
3645
421326376
9
744317962
6561
64
2187
96256000
380368393
400700124
11290752
876626606
1
594823321
830924998
1
1
311
1369
4913
322487047
986114310
766762396
865810542
1
881604420
392402104
533524785
916797257
576399372
436576511
2097152
945994270
1331
209608402
973129099
1419857
1
1
129140163
1
171724823
134217728
4
248064139
1
1
40353607
735507910
901631824
1
953271190
559488826
945656781
5753123
268435456
195581971
1
207759382
44933
221736687
16
269440587
987890534
494372590
2187
928132961
793117
783731343
255996705
329376018
848821564
1
140429
241074765
59
288603514
23
957494261
1
737858639
467
1
157699856
671000365
184223302
442005928
54
3723875
5764801
79507
29
32768
519071771
1
39873866
1
582344008
44
530346966
718351991
41090263
23240159
550445310
599777583
433
673986663
959134792
1
209983369
63619398
147483634
972307523
107
1
98
657631731
358158117
108
216
1331
13
592168190
1
1
993282280
1
736574833
186741816
2875
100094381
486784380
1
977363980
688627844
49
393734973
16167645
531441
1
359738130
1
1
259616729
312623975
25
204023596
433286090
215087801
131072
1
1
1
1
109585869
571787
784247122
1
121
84959395
1
1
1
351
16
744407291
948015455
1
898961331
162261460
1
735231200
25
223068103
794911128
781575424
5839725
16807
297
1
5993370
486921717
6539203
1
1419857
1
1038825
1
1
227982814
931655567
164688009
595845303
1
1
5
1
472677490
487370169
823543
371580018
78125
1
451093096
324
535219683
305500695
8
51937
793613368
131072
153
248903157
237516307
790790578
317
131
1
1
15
132328809
769549981
908974170
29696
381059392
16384
622096065
14297
64
29
733511
823543
40353607
912502841
1
67
643264118
282475249
1
412233812
1
1
98449079
243
1
664740300
125
820316661
533202628
25
580911818
526487088
1
165517577
998203715
1
707281
1
1
627588363
55177381
1
603139275
27
283757444
216
213841794
998064805
412233812
623116921
185146591
12117361
597431612
1
790790578
59049
562080146
4
438685192
737704433
479049701
1
570344693
1
191690599
1
584813968
953952869
1
625
1
729
8
49391415
1
152086610
1
357947677
8
1953125
203006498
90699264
597431612
486597215
105580878
1
204073344
159733112
223434667
889908979
36924979
597431612
420175
1
5
173
1
37
14348907
864710826
433204548
204073344
3328000
371842544
1
1
1
25
494389176
432962950
934692652
954137859
7
1679616
550965653
248967886
716006900
921116510
7
125
37
42131580
779531281
764868780
46674171
3
2476099
130653412
7
409600000
128
1
83521
1
531441
154535663
131072
9053837
1
531441
167886178
424983996
896519817
613537385
184773707
572810563
371842544
581864013
427030539
