500 1500 114
293 220
406 227
186 70
235 190
278 312
33 155
335 489
403 294
134 253
424 439
93 133
67 50
391 445
36 27
324 184
497 327
353 155
122 272
20 211
89 485
318 494
59 472
496 342
144 35
187 70
171 19
291 474
44 108
252 400
108 423
56 382
116 214
230 221
103 412
30 173
383 198
335 370
476 324
216 305
186 242
56 129
205 386
450 174
392 448
101 141
172 190
16 222
460 36
243 61
383 378
461 222
470 2
153 145
442 429
317 178
272 59
181 354
76 328
117 364
325 443
470 293
219 215
477 148
388 312
213 239
388 383
208 37
297 52
290 13
100 189
10 49
206 34
15 93
95 167
472 144
430 448
360 227
36 54
494 177
196 279
386 31
418 429
315 110
237 212
420 184
90 84
303 119
192 363
140 490
71 285
367 110
200 347
350 279
212 107
84 16
29 295
304 78
259 42
463 5
100 442
190 198
113 64
280 315
231 403
90 486
367 101
158 67
238 500
476 29
449 311
33 89
50 346
386 495
325 473
26 319
272 298
380 345
152 319
226 373
226 37
121 92
310 19
498 126
379 4
378 98
78 324
227 376
183 343
169 398
399 439
46 423
124 497
238 367
415 456
428 258
277 113
291 321
403 108
210 235
342 34
89 396
147 77
473 234
4 347
235 363
57 487
414 25
488 394
177 247
86 139
406 413
348 164
410 203
243 267
386 70
112 210
107 338
396 191
80 158
365 220
202 155
84 225
167 169
185 157
472 1
242 80
173 270
232 473
105 380
332 344
39 80
95 496
78 9
30 156
370 124
459 320
361 321
230 353
455 276
62 415
119 57
442 332
124 269
127 20
284 151
16 287
64 223
398 353
50 242
40 66
285 372
105 355
73 325
481 95
304 137
119 470
186 240
254 462
418 98
304 249
28 132
262 381
477 389
421 163
473 42
462 380
208 219
127 391
228 364
481 116
65 192
448 20
410 285
478 290
474 146
264 452
459 176
115 456
222 190
164 109
25 76
437 487
491 244
26 126
196 280
340 15
487 406
289 108
370 64
367 33
137 212
325 426
79 405
161 207
320 488
232 176
285 301
183 44
107 255
216 122
252 447
324 452
20 289
279 63
490 54
363 326
449 308
281 310
216 473
54 183
337 77
388 17
453 63
346 92
103 288
219 474
129 4
64 27
294 271
45 240
123 25
188 409
297 323
362 24
404 8
449 413
335 144
88 301
418 180
362 294
183 340
247 155
357 408
460 441
404 156
144 311
315 479
326 114
9 268
456 213
121 480
331 146
230 417
12 431
407 227
21 127
479 430
50 483
122 281
205 409
119 230
162 140
368 296
231 201
22 371
177 288
234 79
234 101
488 161
329 8
24 117
93 305
336 466
366 265
451 461
314 195
18 259
125 411
69 342
433 359
146 412
375 361
407 172
44 454
499 451
386 50
205 448
89 410
433 156
430 117
377 491
475 203
396 70
184 285
291 11
335 235
147 39
225 96
369 155
4 174
374 79
315 419
467 394
341 209
54 457
46 203
310 392
440 78
384 115
107 465
353 14
70 449
76 353
304 42
278 41
199 316
353 237
380 474
168 18
301 383
219 288
230 172
64 11
389 207
435 70
123 267
334 315
480 402
198 405
46 145
336 97
235 340
297 166
326 468
11 253
334 78
117 245
271 435
414 55
247 6
15 344
259 396
29 375
7 137
64 383
45 95
434 47
231 434
337 313
200 251
97 73
63 428
191 276
420 476
333 15
89 460
171 336
3 342
471 420
226 482
298 400
456 364
377 55
55 403
77 330
414 109
195 192
412 200
17 74
77 303
43 376
319 247
459 114
131 95
66 220
257 173
460 119
448 426
192 322
143 326
121 157
234 133
418 347
259 218
339 137
54 248
434 53
15 210
431 86
149 146
9 446
462 260
391 187
299 382
64 159
265 187
371 319
381 232
227 15
170 480
137 153
369 26
241 21
16 433
236 472
200 463
89 298
217 227
39 434
98 169
417 362
490 498
398 444
365 74
17 322
184 428
383 167
129 162
264 416
241 350
497 40
7 458
493 336
172 444
411 263
361 331
266 311
263 384
313 67
36 254
383 267
139 327
353 427
196 244
431 269
366 409
311 293
235 383
33 320
3 112
112 147
473 82
235 43
72 209
293 8
244 256
102 87
55 144
159 318
496 173
102 319
67 399
216 54
87 422
190 391
231 310
440 444
165 156
41 333
458 491
168 463
116 256
249 60
482 459
406 27
236 44
230 481
73 378
474 60
379 295
18 19
338 414
105 176
417 104
111 138
340 124
400 109
104 175
35 64
410 144
13 202
158 276
219 160
112 353
272 471
328 190
254 249
138 203
466 86
161 180
442 295
405 113
433 200
171 386
238 328
104 151
289 448
174 166
253 341
46 400
364 301
17 264
498 306
263 375
123 335
495 205
388 72
57 419
322 207
350 155
87 410
184 43
322 286
179 110
207 119
109 429
313 409
354 11
427 425
329 22
420 438
98 308
123 468
38 11
99 36
134 493
463 162
27 193
307 166
348 416
114 20
160 352
462 284
308 357
352 310
323 259
225 471
409 273
497 74
303 158
80 160
218 414
320 240
111 273
349 420
477 204
281 247
47 70
4 384
94 185
297 249
489 58
2 38
448 445
144 442
292 470
54 394
314 301
373 305
208 275
6 144
486 279
360 240
94 202
89 115
341 123
366 131
471 384
376 331
259 75
88 124
21 81
443 126
450 171
274 60
312 392
236 219
391 48
311 79
237 432
383 49
219 204
107 487
78 300
298 471
475 91
151 5
175 399
289 380
471 298
124 61
93 143
354 168
425 371
67 417
281 445
82 76
366 386
165 341
293 62
460 101
379 285
403 308
353 114
420 93
216 208
174 496
198 80
441 63
111 264
487 13
41 315
380 382
317 31
319 442
176 294
75 402
299 117
331 373
131 192
230 259
33 8
80 46
35 283
419 465
473 232
39 427
126 12
147 406
124 375
485 21
227 336
370 328
431 368
127 92
57 220
149 173
271 478
282 94
121 61
286 308
384 390
335 199
30 36
474 224
472 380
128 278
307 413
365 85
36 77
220 166
356 39
28 84
416 47
185 336
26 265
17 110
99 410
64 374
451 333
53 448
496 260
278 257
223 104
492 384
21 253
273 381
63 391
279 133
6 178
196 484
380 455
117 174
330 193
145 467
384 141
308 191
316 130
201 390
447 9
295 321
226 266
46 195
2 218
419 165
77 459
39 91
226 487
188 185
73 465
234 414
401 459
4 396
200 146
68 262
223 189
387 333
235 430
199 112
173 163
423 147
387 458
86 204
37 102
176 21
117 24
304 92
331 339
36 131
445 184
80 216
224 307
123 414
245 384
344 462
337 290
163 76
386 352
166 143
176 151
132 28
496 485
457 119
393 129
84 45
22 13
404 460
145 259
203 107
267 260
106 19
101 396
315 482
181 428
186 112
467 58
209 285
284 293
95 417
35 206
68 37
347 232
8 411
98 321
48 205
137 443
460 454
429 16
292 323
192 74
498 308
222 292
325 97
89 238
389 202
73 129
153 34
356 293
68 60
11 94
357 57
135 52
50 463
378 302
129 254
211 130
390 218
345 71
266 226
185 366
328 316
451 270
14 155
182 189
164 391
241 36
330 220
206 151
209 455
386 14
2 124
439 325
7 54
433 97
99 474
358 225
250 61
198 122
323 401
111 31
433 236
391 33
279 229
181 376
272 313
99 105
319 219
3 154
155 480
185 193
161 485
91 53
277 36
357 119
477 366
73 391
466 475
157 45
428 120
376 40
263 453
268 78
284 101
147 429
445 333
121 112
258 249
380 156
244 281
441 455
214 413
420 129
195 389
11 102
314 390
339 161
22 343
310 153
178 237
480 438
150 392
78 284
264 332
218 61
292 36
328 66
376 402
358 261
9 437
422 382
376 342
299 125
78 368
431 494
244 60
392 474
139 137
87 119
194 168
427 224
295 402
120 418
118 34
485 340
30 471
144 180
442 376
303 188
273 239
253 406
439 216
225 444
73 460
175 492
128 268
453 465
387 42
4 497
193 119
380 117
472 424
493 368
271 148
341 148
12 99
241 19
298 256
143 230
13 168
455 49
136 113
347 216
380 46
204 51
292 332
91 259
120 15
395 347
354 483
98 168
148 64
184 82
446 474
34 461
134 129
474 175
40 408
285 17
162 105
43 426
157 56
279 43
195 447
152 488
450 373
389 298
383 179
442 231
408 32
196 225
293 151
345 123
317 311
86 402
466 154
123 105
416 119
66 118
210 66
257 227
347 460
16 338
498 301
471 262
87 404
246 219
264 431
52 361
417 432
159 482
125 273
95 175
183 228
246 400
117 48
298 485
200 438
187 269
358 441
22 255
90 15
164 488
372 217
115 134
451 499
480 120
193 334
367 96
354 328
119 283
341 39
379 117
61 127
278 438
354 99
104 262
478 264
151 382
380 170
307 205
496 429
333 192
21 485
168 202
261 294
371 333
445 105
485 15
215 165
90 454
482 479
123 436
261 99
321 431
108 29
150 402
258 172
319 203
349 258
5 255
225 230
364 77
417 21
451 459
477 90
406 83
278 302
66 352
233 496
44 258
212 410
222 370
300 366
345 159
433 86
226 238
341 161
373 91
446 267
317 274
267 389
62 119
255 267
97 286
245 448
116 124
165 449
23 191
102 71
28 474
450 36
339 479
413 410
99 328
270 232
127 22
149 479
430 313
311 74
428 446
385 62
127 31
482 99
143 203
80 205
298 340
391 480
133 351
298 93
284 311
155 67
446 209
299 358
99 237
284 59
432 341
58 186
259 361
287 335
292 25
431 270
389 403
420 19
199 48
458 334
438 256
433 296
401 119
366 456
292 260
186 287
292 62
327 132
111 349
436 145
5 306
394 161
364 321
422 367
233 420
331 413
152 39
130 23
228 486
261 412
133 285
187 481
112 65
52 141
407 296
438 145
106 224
325 90
267 145
379 198
211 87
41 135
127 204
296 64
391 472
420 22
6 40
253 321
197 230
233 8
27 352
256 472
92 293
360 145
307 403
417 56
418 47
286 191
153 104
470 128
391 492
12 235
420 21
143 315
333 6
59 325
328 75
394 157
301 473
88 235
238 23
303 415
320 318
352 441
340 486
128 470
199 34
368 126
114 105
354 320
346 96
269 76
185 41
400 104
199 450
72 411
35 402
234 189
79 131
342 462
251 258
207 251
11 47
32 179
328 415
60 466
276 460
271 254
326 476
95 390
494 34
284 89
35 435
300 313
243 178
156 21
243 33
61 257
475 494
40 110
83 263
7 184
337 430
121 346
452 290
90 177
416 200
100 294
171 166
27 391
50 484
10 170
366 418
80 146
92 91
301 312
305 313
470 59
123 295
220 472
210 185
37 399
139 320
249 124
320 452
483 495
82 407
69 145
402 345
472 265
321 434
269 63
472 418
397 437
161 81
43 128
220 232
60 71
294 62
438 465
129 347
266 382
466 29
396 430
38 10
299 342
202 480
42 393
35 69
185 416
487 111
138 83
470 212
304 382
229 47
119 308
230 181
258 267
231 249
335 6
178 426
67 242
128 180
192 106
167 182
121 50
161 114
197 348
472 259
496 430
497 322
216 190
404 106
158 238
251 288
231 176
135 23
419 424
325 166
105 280
222 297
369 183
180 192
329 367
471 160
220 153
441 463
358 69
114 304
338 292
200 49
470 120
388 155
291 316
47 338
199 25
214 443
253 245
411 187
492 392
62 27
292 330
233 494
28 47
96 329
366 160
205 72
2 295
165 366
220 154
9 336
257 224
58 410
230 222
346 130
52 272
201 364
317 170
33 72
70 140
126 172
199 222
342 449
471 92
10 198
492 102
316 445
123 486
47 336
246 437
178 266
409 106
305 256
458 339
249 400
332 394
429 89
236 198
112 200
191 291
224 465
265 145
290 168
214 165
496 97
243 287
341 188
265 126
336 338
119 99
270 466
219 103
191 464
93 348
98 274
184 24
194 394
87 214
233 234
401 419
72 319
477 318
109 105
274 248
180 102
156 322
263 67
90 326
387 362
414 161
8 278
449 11
380 193
284 393
408 69
352 203
334 232
90 36
485 52
343 209
353 208
278 446
52 261
381 323
466 442
140 356
54 368
234 269
494 247
62 447
256 51
375 185
135 403
348 60
370 42
53 428
13 269
308 345
494 314
201 190
145 332
290 177
81 85
467 97
37 350
136 307
3 403
258 254
461 333
62 155
175 177
6 189
350 200
198 214
164 129
404 332
5 477
476 369
351 28
357 323
4 160
302 57
139 233
98 433
415 472
112 115
475 395
500 408
335 429
136 153
186 475
449 359
67 318
351 421
367 272
215 233
81 109
311 170
226 494
437 134
399 186
421 107
418 442
356 420
175 454
420 410
500 330
381 312
361 282
130 152
313 215
354 175
299 400
12 109
82 433
455 78
290 483
98 182
261 62
441 74
442 402
302 364
289 75
366 31
140 288
444 300
118 164
166 12
492 258
367 275
10 280
81 186
148 166
459 368
391 186
177 476
277 461
409 473
175 17
147 153
297 217
410 135
42 411
290 187
89 113
324 342
289 233
132 160
386 497
382 92
89 432
496 408
392 203
158 366
136 393
291 16
81 191
73 32
302 88
201 121
330 118
277 420
196 36
8 308
212 470
453 55
19 492
500 466
183 476
271 173
133 403
407 169
330 383
341 292
266 168
65 424
180 354
74 417
247 333
167 286
106 406
276 448
158 83
92 479
263 83
