374690000
374690000
374690000
374690000
374690000
374690000
374690000
374690000
374690000
374690000
374690000
374690000
374690000
374690000
374690000
374690000
374690000
374690000
374690000
374690000
374690000
374690000
374690000
374690000
374690000
374690000
374690000
374690000
374690000
374690000
374690000
374690000
374690000
374690000
374690000
374690000
374690000
374690000
374690000
374690000
374690000
374690000
374690000
374690000
374690000
374690000
374690000
374690000
374690000
374690000
374690000
374690000
374690000
374690000
374690000
374690000
374690000
374690000
374690000
