9553
2
7158
7590
13528
88
5234
10320
6780
2677
16360
26569
5054
6592
9272
9151
7520
15802
3399
1984
2161
1877
2786
10582
2091
2759
9277
18589
9742
6427
20813
1348
30177
11815
2759
18074
14
17520
7052
6061
354
7545
169
8537
625
2889
12672
3949
3282
12042
4006
9198
39988
2497
23741
626
7590
13533
8233
7241
7678
904
1028
5537
18986
990
1119
536
9111
29323
943
9953
43775
20651
12693
7339
8281
8309
7718
2866
10227
5671
31504
10499
1923
1952
1370
30417
2497
16181
9434
277
3464
3955
15922
2091
659
9146
7077
1182
31504
11526
3215
8706
12272
4662
4779
11655
10109
3912
95
3069
1412
25930
8510
21598
736
4083
2677
8460
3329
23856
7920
9273
5823
1885
9014
4511
25750
13402
9893
6499
14003
6165
6430
2982
42414
4379
26328
9535
19919
8583
655
7606
11148
34151
17117
1534
10864
24765
9553
11328
889
27692
7193
12025
28867
9277
16019
1223
13653
23209
1382
9787
8333
389
2529
4333
14495
4400
6253
9844
861
5301
78254
13220
21888
1370
11422
9111
17311
17290
8284
5481
2803
621
6763
7498
15349
3254
3949
389
21343
16933
739
7230
709
990
2724
131
31454
5607
621
13296
7589
13048
13082
14352
18118
11138
20474
739
853
31629
3583
11277
21151
32135
2622
6162
5081
14876
2491
17438
16716
956
13747
2889
13407
990
95
8998
333
5112
3197
9418
11610
8732
30218
4663
5624
2261
15121
2735
7193
6427
35367
15121
21898
861
6340
34700
3773
6499
1344
1022
18643
9254
25230
6073
4033
7193
21629
2786
10651
7721
10116
6999
6628
2497
3337
3784
5728
72865
1860
312
3773
1223
3165
14685
769
227
8892
14947
3304
11323
423
12499
146
20150
3980
12042
4744
124
3206
124
4231
88
12672
2878
3749
32105
5011
25230
7784
10745
21690
8628
1537
389
4011
676
7605
2408
16128
3437
2882
1232
7137
7603
29581
2982
35074
6845
4849
7193
3501
866
8129
559
9765
26988
30898
1203
11030
3420
34861
28663
5649
5928
3749
18497
6188
21277
13276
5597
2737
2737
20731
22304
8336
7729
10000
769
15511
1601
2389
11348
5671
4100
25449
44775
621
354
14027
3364
1477
1173
10116
3787
32253
423
536
3535
7978
9613
12002
5657
7514
2677
8451
17424
861
25818
8546
8905
696
2181
1952
26881
2019
19463
2876
1942
8673
5565
17396
256
76
16801
5966
529
1223
13465
4400
5348
2111
1414
3786
813
456
227
7229
6086
3464
9561
748
11154
5565
14117
118
863
13227
13420
2719
10582
8687
4259
11939
8282
3085
5542
2618
88
14064
9
423
13044
679
3522
1414
16153
4171
10651
7812
4755
1344
2474
7721
2759
12484
7870
3311
30458
9652
18223
1877
7051
5776
1732
5577
22114
76
1357
2137
18015
4351
3857
2581
44684
1990
4979
10745
11910
1113
5431
11591
8413
7889
7140
4477
20884
2700
2284
3006
8255
7962
17527
9067
5577
28315
4789
2753
4367
15855
12462
2161
1223
10334
12021
9272
7552
8905
8834
10177
1752
13972
7193
5517
1173
8255
49505
45547
2786
4982
131
5085
38301
29835
51545
6370
4516
6703
4083
76
7545
9257
5079
22114
2111
5301
861
11876
8367
16028
16724
5517
3346
6844
24224
9147
29526
61218
10736
6718
747
6746
10131
32882
4069
32828
5960
769
4905
3337
41422
7289
11730
35962
30236
2534
9553
11816
889
5204
8397
5891
3414
769
22645
1877
32175
19925
2491
2367
1887
6465
10463
4231
4231
354
1883
17980
9559
3337
1669
35087
3121
15567
2161
5112
95
3311
11550
3787
2367
19198
12301
6310
18545
7962
1492
4544
1752
871
27259
3075
19299
24462
12473
4683
8787
31917
10289
2913
2444
14347
1232
2367
44512
14495
10596
24005
4452
122
13813
3340
7289
3304
18042
2755
8333
4686
3980
2427
6319
3522
18561
29542
8494
6329
6843
15953
4379
24776
710
1370
8103
4493
789
1447
32694
3440
5607
8457
14139
5621
7551
6977
5914
15192
6342
24092
4259
10189
11947
6358
4933
2959
2054
6612
13485
14495
12680
5059
9274
16109
7749
9809
28409
9283
2557
8941
4744
3231
15147
11780
11119
1203
1821
23121
4728
5292
6349
769
9855
1548
18281
1534
5420
8252
8086
128
1022
1370
4979
9198
29847
21128
9172
17162
6039
18197
6720
9137
8333
6428
8178
8720
747
626
24591
14929
913
4107
7606
15450
10902
8519
26928
4309
2408
2228
8378
5182
4006
8857
16588
10996
6499
1348
2793
15182
305
5652
7774
8333
12110
27233
18179
2777
3254
8426
22365
20054
116
169
3783
9124
8495
7606
4469
17611
7156
3014
18184
7962
25168
6406
1119
2427
739
7442
8298
22426
2693
14078
76
24602
12697
769
739
5467
27079
10857
8282
4987
24099
7063
25532
1398
2866
14341
2753
10051
32867
490
12147
8426
2737
18096
9256
529
9256
7590
4348
8687
1477
14896
15228
9961
2228
15192
8584
418
6770
9146
21194
1495
12581
2497
5631
1355
8122
25023
13290
8189
9618
4113
3215
1263
2398
8122
8136
18229
16542
8205
10251
1560
3646
626
9039
6843
19385
14876
1319
15016
118
1319
19700
2820
7619
130
4006
4477
4166
26390
30819
17424
5182
4171
28288
1371
14679
12245
29431
464
389
8636
626
14896
10054
2820
736
7193
3749
1409
10569
7870
24474
1355
608
5362
5182
3707
7492
25168
8948
8687
452
10643
22368
7967
11801
626
7902
3483
8053
3522
16174
6898
12328
655
2753
131
2228
16925
2444
13090
2786
866
3464
4548
15569
10087
36138
15260
9227
2010
9644
6861
4278
7212
227
889
21430
6562
13394
861
7289
18798
947
13276
1370
3921
29819
4400
14635
63551
10745
28158
76
5607
5431
3843
6781
19818
118
7812
10646
5362
3014
6122
1517
8628
7193
392
25977
2598
3069
2882
27047
16576
3944
3856
5404
333
427
15083
10693
9855
13456
14476
18532
7170
6493
861
5542
1924
8233
3812
1119
427
5830
21286
14352
507
2618
1057
289
845
1191
1601
15897
21966
4006
5758
1232
12036
18862
