201 98
00000000000000000000000000000000000000100000000000000000000000000000000100000000000000000000000000
00000000000000000000000000000000000000000000000000100000000000000000000000000000000000000000000000
00000000000000000000000000000000000000000000000010000000000000000000000000000100000000000000000000
00000000000000000000100000000000000000000000000000000000000000000000000000000000000000000000000000
00000000000000000000000000000000000000000000000000000000000000000000000000100000000000000000000000
00000000000000010000000000000000000000000000000000000000000000000000000100000001000000000000000000
00000000000000000000000000000000000000000000100000000100000000000000010000000000000000000000000000
00000000000000000000000000000000000000000000000000000000000000001000000000000000000000000000000000
00000000000000010000000000000000000000000000100000000000000000000000000000000000000000000000000000
00000000000000000000000100000000000000000000000000000000000000000000000000000000000000000000000000
00000000001000000000000000000000000000000000000000000000000000000000000000000000000000000000000000
00000000000000000000000000000000000000000000000000000000000000000000000000000000000000000000000000
00000000000000000000000000000000000000000000000000000000000000000000000000000100000000000000000000
00010000000000000000000000000000000000000000000000000000000000000010000000000000000000000000000000
00000000000000000000000000000000000000000000000000000000000000000000000000000000000000000000000000
00000000000000000000000000000000000000000000000000000000000000000000000000000000000000000000000000
00000000000000000000000000000000000000000000010000000000000000000000000010000000000000000000000000
00000000000000000000000000000000000000000000000000000000000000000000000000000000000000000000000000
00000000000000000000000000000000000000000000000000000000000000000000000010000000000000000000000000
00000000000000000000000000000000000000000000000000000000000000000100000000000000000000000000000000
00000000000000000000000000001000000000000000000000000000000000000000000000000000001000000000000000
00000000000000000000000000000000000100000000000000000000000010000000000000000000000000001000000000
00000100000000000000000000000000000000000100000000000000001000000000000000000000000000100000000100
00000000000000000000000000000000000000000000000000000001000000000000000000000010000000000000000000
00000000000000000000100000000000000000000000000000000000000000000010000000000000000000000000001000
00000000000000000000000000000000000000000000001000000000000001000000000000000000000000000000000000
00000000000000000000000000100000000000000000000000000000000000000000000000000000000000000000000000
00000000000000000000000000000000000000000000000000000000000000000000000000000000000000000000000000
00000000000000000000000000100000000000000000000000000000000000000000000000000000000000000000000000
00000000000000000000000000000000000100000000000000000100000000000000000001000000000000000000000000
00000110000000000000000000000000000000000000000000000000001000000000000000000000001000000000000000
00000000000000000001000000000100000100000000000000000000100000000000000000000000000000000000000000
00000000000000000000000000000000000000000000000000000000000000000000000000000000000000000000000000
00000000000000000000000000000000000000000000000000000000000000000000000000000000000000000001000000
00000000000000000000000000000000000000000000000000000000000000000000000000000000000100000000000000
00100000000000000000000000000000000000000000000000000000000000000000000000000000000000000000000000
00000000001000000000000000000000000000000000000000000000000000000000100000000000000000000000000000
00000000100000000000000000001000000000000000000000000000000000000000000000000000000000000000000000
00000000000000000000000000000000000000000000000000000000000000000000000000000000000000000000000000
00001000000000000000000000000000000000000000000000000000000000000000000000000000000000000000000000
00010000000000000000000000000000000000000000000000000000000000000000000000000000000000000000010000
00000000000000000000000000000000000000000000000101000000000000000000000000000000010000000000000000
00010000000000000000000000000000000000000000000000000000000000000000000000000000000000000000000000
00000000000000000000000000000000000000000000000000000000000000000000000000000000000000000000000000
00000000000000000000000000000000000000000000000000000000000000000000000000000000000000000000000000
00000000000000000000000000000000000000000010000000000000000000000000000000000000000000000000000000
00010000000000000000000000000000000000000000000000000000000000000000000000000000000000000010000000
00000000000000000000000000000000000000000000000000000000000000000000000000000000000000000000000000
00000000000000000000000000000000000000000000000000000000000000000000000000000000000000000000000000
00000000000000000000000000000000000000000000000000000000000000000000000000000000000000000010000000
00000000000000000000000000000000010001000000000000000000000000000000000000000000010000000000000000
00000000000000000000000000000000000000000000000000000000000000000000000000000000000000000000001000
00000000000000000000000000000000000000000000000000000000000000000000000000000000001000000000000000
00000000000000000000000000000000000000000000000000000000000000000000000000000000000000000000000000
00000000100000000000000000000000000000000000000000000000000000000000000000000000000000000000000000
00000000000000000000000000000000000000000000000000000000000000000000000000000010000000000000000000
00000000000000000000000000000000000000000000000000000000000000000000000000000000000000000000000000
00000000000000000000000000000000000000000000000000000000000000000000000000000000000000000000000000
00000000000000000000000000000000000000000000000000000000000000000000000000000000000000000000000000
00000000000000000001000000000000000000000000000000000000000000000000000000000000000000000000000000
00010000000000000000000000000000000001000000000000000000000000000100000000000000000000000000000000
00000000000000000000000000000000000001000000000000000000000000000000000000000010000000000000000000
00000000000000000000000000000000000000000000000000000000000000000000000000000000000000000000000001
00000000100000000000000000000000000000000000000000000000000000000000000000000000000000000000000000
00000000000000000000000000000000000000000000010000000000000000000000000010000000000000000001000000
00000000000000000000000000000000000000000000000000000000000000000000000000000000000000000000000000
00010000000000000000000000000000000000000000000000000000000000000000000000000000000000000000001000
00000000000000000000000000000000000000000000000000000000100000000000000000000000000000000000000000
00000000000000000000000000000000000000000000000000000000000000000000100000000000010000000000000000
00000000000000000000000000000000000000000000000000000000000000000000000000000000000000000000000000
00000000000000000000000000000000000000000000000000000000000000000000000000000000000000010000000000
00000000000000000000000000010000000000000000000000000000000000000000000000000000000000000000000000
00000000000000100000000000000010100000000000000000000000000000000000000000000000000000000100000000
00000000000000000000000000000000100000000000000000000000000000000000000000000000000000000000000000
00000000000000000000000000000000000001000000000001000000000000000000000000000000000000001000101000
00000010000000010000000000000000000000000000000000000000000000000000000000000000000000000000000000
00000000000000000000000000000000000000000000000000000000000000000000000000000000000000001000000000
00000000000000010000000000100000000000000000000000000000000000000000000000000000000000000000000000
00000000000000000000000000010000000000000000000000000000100000000000000000000000001000000000000000
00000000000000000000000000000000000000000000000000000000000000000000000000000000001000000000000000
00000000000000000000000000000000000000000000000000000000000000000000000100000000000000010000001000
00000000000000000000000000000000000000000000000000000000000000000000000000000000000000000000000000
00000000000000000000000000000000000000000000000000000000000000000000000000000000000001000000000000
00000000000000000000000000000000000000000000000000000000000000000000000000000000000000000000000000
00100000000000000000000000000000001000000000000000000000000000000000000000000000000000000000000000
00000000000000000000000000000000000000000000000000000000010000000000000000000000000000000000000000
00000000000000000000000000000000000000000000000100000001000000000000000000000000000000000000000000
00000000000000000000000000000000000000000100000001000000000000000000000000000000000000000000000000
00000000001000000000000000000000000000000000000000000000000000000000000000000000000000000000000000
00000000001010000000000000000000000000000000000000000000000000000000000000000000000000000000000000
00000000000000000100000000000000000000000000000000000000000000000000000000000000000000000000000000
00000000000000000000000000000000000000000000000001000000000000000000000000000000000000000000000000
00000000000000000000000000000000000000000000000000000000001000000000000000000000000000000000000000
00000000000000000100000000000000000000000000000000000000010000000000000000000000000000000000000000
00000000000000000000000000000000000000000000000000000000000000000100000000000000000001000010000000
00000000000000000000000000000000000000000000000000000000000000001000000000010000000000000000100000
00000000000000000000000000000010000000000000000000000000000000000000000000000000000000000000000000
00000000000000000000000000000000000000000000000000000000000000000000000000000000000000000010000000
00000000000100000000000000000000000000000000000000000000000000000001000000000000000000000000010000
00001000000000000000000000000001000000000000000000000000000000000000000000000000000000001000000000
00000000000000000010000000000000000000000000000000000000000000000000000000000000000000000000000000
00000000000000000001000010000000100000000000001000000000000000000100000000000000000000000000000100
10000100000000000000000000000000000000000000000000000000000000001000000000000100000000000000000000
00000000000000000000000000000000000000000000000000000000000000000000000000000000000000000000000000
00000000000010000000000100000000000000000000000000000000000000000000000000000000000000000000000000
00000000000010000000000000000000000000000000000000000000000000000000000000000000000000000000000000
00000000000000000000000000000000000000000000000000000000000000000000000000000000000000000000000000
00000000000000000000000000000000000000000100000000000000000000000000000000000000000000000000000000
00000000000000000000000000000000000000000000000000000000000000000000000000000000000000001000000000
00000000000000000000000000000000000000000000000000000000000000000000000100000000000000000000000000
00000000000000000000000000000000001000000000000000000000000000000000000000000000000000000000000000
00000000000000000000000000000000000000000000000000000000000000000010000000000000000000000000000000
00000000000001000000000000000000000000000000000000000000000000000000000000000000000000001000000000
00000000000001000000000000000000000000000000000000000000000000000000000000000000000000000000000000
00000000000000000000010000000000000000000000000000000000000000000001000000000000000000000000000000
00000000000000000000000000000000000000000000000000000000000000000000000000000000000000000000000000
00000000000000000010000000000000000000000000000000000000000000000100000000000000000000000000000000
10000000000000000000010000000000000000000000000000000000000000000000000000010000000000000000000000
00000000000000000000000000000000000000000000000000000000000000000000000000000000000000000000000000
00000000000000000000000000000000000000000000000000000000000000000000000000000000000000000000000000
00000000000000000000000000000000000000000000000000000000000000000000000000000000001000000000000000
00000000000000000000000000000000000000000000000000000000000000000000000000000000000000000000000000
00000000000000000000000000000100000000000000000000000000000000000000000000000000000000000000000000
00000000000000000000100000000000000000000000000000000000000000000000000000000000001000000000000000
00000000000000000000000000000000000000000000000000000000000001000000000000000000000000000000000000
01000000000000010000000000000000000000000000000000000000000000000000000000000000000000000000000000
00000010000000000000000000000000000000000000000000010000000100000000000000000000000000000000000000
00000000000000000000000000000000000000000000000000000000000000001000000000001000000000000000000000
00000000000000000000000000000000000000000000000000000000000000000000001000000000000000000000010000
00000000000000000000000000000000000000000000000000000000000000000000000000000000000000000000000000
00100000000000000000000000000000000000000000000000000000000000000000000000000000000000000000000000
00001000000010000000000000000000000000000000000000000000000000000000000000000000000000000000000000
00000000000000000000100100000000000000000000000000000000000000000000000000000000000000000000000000
00000000000000000000000000000000000000000000000000000000000000010000000001000000000000000000000000
00000000000000000000000000000000000000000000000000000000000000000000000000000000000000000000000000
00000000000001000100000000000000000000000000000000000000000000000000000000000000000100000000000000
00000000000000000000000000000000000000000001000000000000000000000000000000000000010000000000000000
00000001000000000000000000000000000000000000000000000000000000000000000000000000000000000000000001
00000001000000000000000000000000000000000000000000000000000000000000000000000000000000000000000001
00000000000000000000000000000000000000000000000000000000000000000100000000000000000000000000000000
00000000000000000100000000000000000000000000000000000000000000000000000000000000000000000000000000
00000000000000000000000000000000000000000000000000000000000100000000000000000000000000100000000000
00000000000000000000000000000000000000000000000000000000000000000000000000000000000000000000000010
00000000000000000000000000000000000000000000000000000000000000000000000000010000000000000000000000
00000000000000000000010000000000000000000000000000000000000000000000000000000000000000000000000000
00000000000000000000000000000000000000000000000000000000000000000000000000000000000000000000000000
00000000000000000000000000000000000000000000000000000000000000000000000000000000000000000000010000
00100000001000000000000000000000000000000000000000000000000000000000000000000000000000000000000000
00000000000000000000000000000000000000000000000000000000000000000000000000000000000000000000000000
00000000000000000000000000000000000000000000000000000001000000000000100000000000000000000000000000
00000000000000000000000000000000000000000000000000000000000000000000100000000000000000000000000000
00000000000000000000000000000000000100000001000000000000000000000000000000000000000000010000000000
00000000000000000000000000000000000000000100000000000000000000010000000000000000000000000000000000
00000000000000000000000000000000000000000000000000000000000000000000000000000000000000000000000000
00000000000000000000001000000000000000000000000000000000000000000000000000000000000000000000000000
00000100000000000000000000000001000000000000000000000000000100000000000000000000000000000000000000
00000000000000000000000000000000000000000000000000000000000000000000000000000000000000000000010000
00000000000000000101000000000000000000000000000000000000000000000000000000000000000000000000000000
00000000000000000000000100000100000000010000000000000000000000000000000000000000000000000000000000
00000000000000000000000000000000000000000000000000000000000000000000000000000000000010000000000000
01000000000000000000100000000010000000000000000000000000000000000000000000000000000000000000000000
00000000000000000000000000000000000000000100000000000000000000000000000000000000000000000000000000
00000000010010000000010000000000000000000000000000000000000000000000000000000000000000000000000000
00000000000000000000000000000000000000000000000000000000000000000000000000000000000000000000000000
00000000000000000000000000001000000000000000000000000000000000010000000010000000000000000000000000
00000000000000000000000000000000000000000000000000000000000000000000000000000000000000000000000000
00000000000000000000000000000000000000000000000000000000000000000000000000000000000000000000000000
00000000000000000000000000000000000000000000000000000000000000000000000000000000000000000000000000
00000000000000000000000000100000000000000000000000000000000001000000000000000000000000000000000000
00000000000000000000000000000000000000000000000000000000000000000000000000000000000000000000000000
00000000000000000000000000000000000000000000000000000000000100000000000000000000000000000000000000
00000000000000000000000000000100000000000000000000000000000000000000000000000010000000000000000000
00000000000000000000000000000000000000000000000000000000000000000000000000000000000000000000000000
00000000000000000000000000000000000000000000000000000000000000100000000000000000000000000000000000
00000000000000000000000000000000000000000000000000000000000000000000000000000010000000000001000000
00000000000000000000000000000000000000000000000000001000000000000000000000000000000100000000000000
00000000000000000000000000000000000000000000000000000100000000000000000000000000000000000000000000
00000000000000000000000000000000000001000000000000000000000000000000000000000000000000000000000000
00000001000000000000000000000000000000001000000000000000000000000000000000000000000000000000000000
00000000000000000000000000000000000000000000000000000000000000000000000000000000000000000000000000
00000000000000000000000000000000000000000000000000000000100000000000000000000000000000000000000000
00000000000000000000000000000000000000000000000000000010000000000000000000000000000000000000000000
00000000000000000000000000000000000000001000000000000000000000000000000000000000000000000000000000
00000000000000000000000000000000000000000000000000000000000000000000000000000000000010000000000000
00000000000000000000000000000000000000000000000000000000000000000000000000000000000000000000000000
00000000000000000000000000000000000001000000000000000000000000000001000001000000000000000000000000
00000000000000000000000000000000000000000000000000000010000000000000000000000000000000000000000000
00000000000001000000000000000000000000001000000000000000000000000000000000000000000000000000000000
00000000000000000000000000000000000000000000000000000000000000000000000000000000000000010000000000
10000000000000000000000000000010000000000000100000000000000000000000000000000000000000000000000000
00000000000000000000000000000000000000000000000000000000000000000000000000000000000000000000000000
00000000000000010000000000000000000000000001000000000000000000000000000000000000000000000000000000
00000000000000000000000000000000000000000000000000000000000000000000000000001000000000000000000000
00000000000000000000000001000000000000000000000000000000000000000000000000000000000000000000000000
00000000000000000000000000000000000000000000000000000000000000000000000000000000000000000000000000
00000000000000000000000000000000000000000000000000000000000000000000000000000010000000000000000000
00000000000000000000000000000000000000001000000000000000000000000000000000000000000000000000000100
00000000000000000000000000000000000000000000000000000000000000000000000000000000000000010000000000
00000000000000000000000000000000000000000000000000000000000000000000000100000000000000000000000000
00000000000000000000000000000010000000000000000000000000000000000000000000000000000000000000000000
00000000000010000000000000000000000000000000000000000000000000000000000000000000000000000000000000
