96 53
00000000110000000000000010000000000001000000000000101
10000000000001000010000000000001001100000000000000000
00010000010100010010000000000000000000100000100000000
00000000000001001010000001100100000001000000000001010
00100000000000000000010000000000000000000010000000010
00000000000001000000100000000000100000000000000000000
01000100000100000000000000001001000000000000000000000
00000000010000000100000000010000000000000010000101001
00000000000000010000000000110000000000000000000000000
10011100000000000000110011100000000001010000000010100
00010100100000000000000000000000100000000000000000000
00000010011000000000000001100000100000000000100000010
00000000100000000000000000100000000000100000000000000
00000010010100001000000100000000000010100000101100000
00000010000000100000001000000000000000010000000000000
01000000000010000010000100000000000000001000000010000
00000000000000000000001000000000000000000000000000000
11000000000000000001000000000000000000000000000000000
00100100000000000000010000000000000011010000000001100
00000000000000001000100000000000000100000100000000000
00010000000000000000000000100001000000001000000100000
01000100000000010000001000010000000000010000000000000
00001000000000010000000000001000000100000000000000000
00000000000000000100000010100011000000010000000000100
00000000000000000000000001000000000001000010000010000
00000000000010000000000010000000010000000010000000100
00000001000000000000000000000000000100000001001000001
00000000101001010000000000100000100000110010000000010
00000010000000100000000000100000000000000010000100000
10000000000010000001000000000000000000000000010100000
00001000000000000000000000000000010000000000100000000
00000010000000001000000000100000101100000000000000000
00010000000000000000000000000111000000000000100000100
00000001000100101000000000000000100000000000010100000
00001100000000000001100000001000000000000000000000010
00000000010001010000010000010001000001100000000100000
00000000000001010001000000000000000010000100000000000
00000001000000000000000000000000000000101000010000000
00000100010001000000000000000000000000000110000011000
00000000000000000000100100000000000000000000000000000
00000000000001000001000000000100000010000000000001110
00000000000100010000000000010000000000000000000100000
00000000000000010000000001010000000000100000000001010
00000000000000100000000000000010000000000000100001100
10000000010001000000010000100000000000000000000000000
00000000100000000000100000000000010000000000000000000
00000000110000000000010000100000000001000000000000000
00000000000000000000000000000000001010000000100000000
10100010000000000010000000100000000000000000000000000
00000100010111000100000000000000000000000000000000000
00000000000000000000000000000000000000000000000000001
00000000000000000000000100000000001000000000000100100
00000011011000010000001000001100000000100000000000000
00000000000001000000000100000000000000000000000100000
00000100000000000000010000000000000000000000000010000
00000010000000000000010001000100000000000000000000000
00000010000000000000000000000000010000000000010000000
00000000000001000000000000000000010000010000100000100
00000000010110010000000000000000000000100000000100000
00000000000100010100000001001000000000000010000000100
00010010000010000000001000000000000000001000000000000
00000001000100000100000010100000001000000000100100001
00000000000100100100000000001010100000001000000000000
00001000000001100100000000000000000000000000000000000
00000000000000000000000000010000000000000000001000000
00100000000000010000101000000000000000000000000000000
00000000000100000000000000000000000000000100010100000
00000000000000000000000001000000001100000001000000000
00000000000000000000000000000000000100000001000000000
00000000000000000000000000000100000000000000010110000
00000000010000000000000000000100000000000100000100001
00000010010000000000010000001000000000000000000000000
00000000000000000000000000000000000010000000000000000
00100000000000000000000000000000000001110010000000000
00000100000000000100000000100000100000010000001000001
00000000000000000000010000000000010100000001100000000
00001000010010000000000001000100100000000000001000000
00100000101000000000000100000000000000100000010000000
10000000000000000000000000000010100000000000100001000
00000000000000000000000000000000000000000000000000010
00000001011000000100010000000100000000000000000000000
00000010101000000000000000000000101000000000000000001
00001000000000000100000000001000000000000000001000001
00001000000000010001000000000000000000001000000010000
00000000000000101000000000000000100000010001000000000
10000000000000010010000010000000000000000010000000000
10010000000000010001001000000010000000000000000000000
00001000001000101000000000000000001000000000000000000
00100010000000000001000000100000000000000000000001010
00000000000000100000100000000000000001001000000000000
10010000000100000000000010000000010000000000000010001
00000000010000001000000100001000000000000000000000000
00000010000000000010000001000000000100000000000000000
00010000000000000000000010000000000000000000000000000
10001000000001000000010101000000000000000000000000000
01100000000010000000000000010000000100000010000001000
