2000 3000
1 2
1 3
3 4
1 5
3 6
4 7
3 8
6 9
8 10
9 11
7 12
11 13
2 14
13 15
9 16
13 17
4 18
3 19
11 20
12 21
1 22
19 23
13 24
13 25
23 26
16 27
5 28
1 29
14 30
23 31
21 32
23 33
30 34
27 35
21 36
12 37
14 38
24 39
35 40
10 41
35 42
26 43
34 44
28 45
22 46
45 47
3 48
41 49
38 50
14 51
32 52
44 53
1 54
52 55
51 56
13 57
15 58
45 59
15 60
11 61
52 62
49 63
35 64
54 65
59 66
65 67
1 68
4 69
1 70
15 71
52 72
64 73
71 74
31 75
52 76
8 77
17 78
39 79
9 80
1 81
47 82
55 83
71 84
17 85
7 86
32 87
67 88
63 89
45 90
49 91
23 92
86 93
30 94
22 95
7 96
23 97
10 98
19 99
66 100
92 101
99 102
6 103
1 104
97 105
69 106
34 107
78 108
50 109
43 110
41 111
91 112
44 113
66 114
99 115
105 116
110 117
19 118
40 119
47 120
57 121
30 122
122 123
30 124
88 125
87 126
65 127
115 128
62 129
19 130
64 131
66 132
26 133
107 134
111 135
125 136
135 137
8 138
116 139
133 140
97 141
27 142
67 143
17 144
53 145
51 146
130 147
61 148
40 149
23 150
73 151
119 152
6 153
68 154
85 155
100 156
141 157
144 158
77 159
101 160
92 161
24 162
9 163
105 164
94 165
11 166
125 167
106 168
129 169
54 170
21 171
148 172
31 173
49 174
149 175
172 176
171 177
30 178
6 179
76 180
97 181
46 182
145 183
9 184
111 185
138 186
154 187
1 188
37 189
159 190
24 191
3 192
53 193
73 194
80 195
93 196
32 197
163 198
136 199
91 200
48 201
24 202
166 203
80 204
89 205
152 206
127 207
191 208
20 209
95 210
112 211
72 212
89 213
152 214
190 215
61 216
89 217
183 218
168 219
6 220
54 221
49 222
54 223
160 224
201 225
146 226
181 227
174 228
223 229
183 230
27 231
26 232
155 233
16 234
141 235
18 236
35 237
81 238
90 239
59 240
100 241
146 242
59 243
62 244
64 245
206 246
53 247
129 248
215 249
238 250
68 251
33 252
23 253
117 254
54 255
26 256
188 257
72 258
189 259
80 260
128 261
216 262
127 263
246 264
111 265
48 266
109 267
76 268
193 269
19 270
145 271
203 272
184 273
140 274
83 275
174 276
267 277
37 278
65 279
197 280
106 281
44 282
212 283
132 284
114 285
44 286
38 287
5 288
202 289
30 290
33 291
142 292
86 293
133 294
212 295
43 296
128 297
21 298
143 299
29 300
73 301
168 302
197 303
41 304
98 305
112 306
96 307
112 308
260 309
205 310
73 311
284 312
161 313
221 314
275 315
34 316
239 317
216 318
71 319
173 320
18 321
162 322
132 323
244 324
189 325
292 326
320 327
75 328
149 329
91 330
96 331
301 332
259 333
48 334
84 335
56 336
157 337
156 338
104 339
224 340
303 341
224 342
242 343
237 344
126 345
1 346
67 347
281 348
263 349
123 350
86 351
185 352
129 353
225 354
164 355
305 356
38 357
109 358
20 359
195 360
103 361
172 362
265 363
44 364
255 365
81 366
232 367
137 368
231 369
262 370
10 371
28 372
167 373
312 374
159 375
128 376
188 377
295 378
364 379
262 380
375 381
314 382
204 383
377 384
148 385
51 386
229 387
50 388
48 389
63 390
236 391
70 392
175 393
31 394
156 395
44 396
316 397
5 398
237 399
72 400
146 401
333 402
286 403
58 404
307 405
166 406
156 407
338 408
242 409
58 410
378 411
282 412
174 413
122 414
236 415
198 416
288 417
352 418
277 419
288 420
396 421
293 422
255 423
357 424
188 425
221 426
21 427
381 428
279 429
191 430
60 431
90 432
399 433
177 434
232 435
54 436
146 437
88 438
370 439
232 440
94 441
38 442
71 443
316 444
122 445
419 446
162 447
126 448
204 449
166 450
438 451
259 452
296 453
7 454
282 455
109 456
392 457
176 458
316 459
242 460
234 461
52 462
205 463
36 464
240 465
390 466
404 467
292 468
368 469
227 470
343 471
58 472
299 473
58 474
464 475
86 476
423 477
249 478
432 479
249 480
34 481
355 482
72 483
9 484
74 485
213 486
52 487
457 488
232 489
64 490
260 491
476 492
182 493
210 494
200 495
150 496
23 497
405 498
475 499
127 500
146 501
408 502
12 503
491 504
481 505
187 506
24 507
36 508
291 509
358 510
90 511
82 512
281 513
278 514
393 515
306 516
128 517
453 518
124 519
118 520
267 521
381 522
378 523
521 524
223 525
194 526
350 527
343 528
428 529
163 530
301 531
434 532
346 533
172 534
520 535
235 536
239 537
187 538
386 539
525 540
86 541
211 542
90 543
319 544
360 545
264 546
24 547
433 548
268 549
193 550
192 551
516 552
413 553
155 554
455 555
501 556
206 557
100 558
524 559
27 560
372 561
399 562
269 563
50 564
70 565
544 566
562 567
131 568
208 569
191 570
565 571
549 572
362 573
301 574
494 575
426 576
469 577
519 578
36 579
568 580
342 581
164 582
531 583
351 584
577 585
471 586
456 587
298 588
252 589
381 590
448 591
403 592
53 593
38 594
211 595
256 596
582 597
569 598
136 599
331 600
414 601
561 602
138 603
238 604
431 605
126 606
237 607
491 608
25 609
118 610
220 611
600 612
536 613
345 614
356 615
300 616
422 617
613 618
133 619
39 620
362 621
73 622
456 623
222 624
315 625
451 626
48 627
171 628
544 629
543 630
120 631
501 632
252 633
365 634
496 635
492 636
551 637
105 638
484 639
6 640
109 641
25 642
354 643
149 644
306 645
385 646
54 647
187 648
644 649
368 650
489 651
267 652
179 653
8 654
406 655
225 656
214 657
403 658
242 659
231 660
348 661
465 662
583 663
314 664
198 665
94 666
486 667
233 668
653 669
290 670
222 671
185 672
443 673
474 674
619 675
526 676
350 677
357 678
366 679
494 680
390 681
409 682
443 683
442 684
65 685
62 686
545 687
487 688
662 689
23 690
230 691
369 692
231 693
133 694
368 695
22 696
558 697
224 698
75 699
439 700
127 701
558 702
369 703
654 704
3 705
259 706
92 707
139 708
243 709
547 710
641 711
434 712
62 713
316 714
713 715
394 716
97 717
131 718
180 719
306 720
87 721
367 722
84 723
661 724
396 725
691 726
238 727
352 728
243 729
378 730
87 731
423 732
227 733
313 734
142 735
341 736
196 737
460 738
564 739
659 740
141 741
256 742
109 743
661 744
492 745
295 746
223 747
663 748
167 749
103 750
143 751
211 752
92 753
94 754
273 755
291 756
42 757
744 758
479 759
79 760
476 761
414 762
359 763
684 764
668 765
80 766
585 767
281 768
749 769
202 770
305 771
524 772
425 773
286 774
754 775
224 776
242 777
510 778
544 779
188 780
84 781
554 782
642 783
55 784
48 785
520 786
131 787
762 788
44 789
2 790
381 791
491 792
518 793
696 794
682 795
119 796
670 797
608 798
455 799
612 800
750 801
326 802
233 803
559 804
652 805
795 806
330 807
5 808
383 809
425 810
718 811
280 812
23 813
464 814
442 815
100 816
238 817
85 818
144 819
27 820
395 821
547 822
528 823
120 824
21 825
703 826
703 827
114 828
52 829
618 830
565 831
422 832
711 833
559 834
538 835
275 836
47 837
825 838
425 839
118 840
618 841
660 842
684 843
81 844
245 845
465 846
20 847
205 848
204 849
709 850
827 851
111 852
63 853
403 854
257 855
835 856
613 857
6 858
15 859
49 860
544 861
26 862
182 863
44 864
839 865
182 866
152 867
286 868
631 869
551 870
267 871
586 872
144 873
288 874
171 875
260 876
449 877
143 878
446 879
682 880
623 881
603 882
764 883
113 884
470 885
549 886
521 887
393 888
283 889
46 890
217 891
518 892
387 893
399 894
18 895
106 896
351 897
878 898
679 899
890 900
128 901
831 902
150 903
821 904
200 905
67 906
520 907
331 908
694 909
854 910
396 911
583 912
876 913
511 914
594 915
510 916
727 917
850 918
254 919
367 920
261 921
748 922
203 923
509 924
404 925
566 926
117 927
63 928
214 929
469 930
426 931
288 932
198 933
471 934
113 935
113 936
119 937
883 938
266 939
401 940
788 941
499 942
668 943
515 944
7 945
879 946
673 947
185 948
883 949
827 950
31 951
267 952
132 953
608 954
38 955
216 956
165 957
709 958
572 959
207 960
723 961
610 962
857 963
515 964
520 965
482 966
534 967
681 968
917 969
404 970
39 971
609 972
119 973
616 974
21 975
102 976
730 977
300 978
409 979
854 980
142 981
952 982
734 983
840 984
395 985
418 986
692 987
976 988
717 989
435 990
92 991
841 992
147 993
195 994
253 995
427 996
229 997
890 998
808 999
644 1000
609 1001
243 1002
329 1003
608 1004
501 1005
77 1006
669 1007
319 1008
552 1009
436 1010
77 1011
583 1012
870 1013
660 1014
241 1015
892 1016
830 1017
189 1018
810 1019
460 1020
859 1021
614 1022
351 1023
823 1024
108 1025
695 1026
291 1027
343 1028
372 1029
167 1030
188 1031
656 1032
712 1033
146 1034
125 1035
209 1036
139 1037
391 1038
786 1039
952 1040
428 1041
625 1042
515 1043
162 1044
428 1045
24 1046
151 1047
920 1048
166 1049
58 1050
794 1051
680 1052
160 1053
666 1054
699 1055
630 1056
84 1057
34 1058
1058 1059
716 1060
40 1061
177 1062
754 1063
207 1064
307 1065
925 1066
312 1067
833 1068
819 1069
292 1070
256 1071
520 1072
107 1073
292 1074
462 1075
595 1076
467 1077
436 1078
141 1079
512 1080
14 1081
533 1082
914 1083
835 1084
190 1085
849 1086
574 1087
307 1088
78 1089
381 1090
471 1091
184 1092
906 1093
890 1094
548 1095
422 1096
876 1097
672 1098
120 1099
113 1100
531 1101
876 1102
181 1103
417 1104
1080 1105
131 1106
122 1107
623 1108
913 1109
136 1110
628 1111
514 1112
1028 1113
902 1114
21 1115
549 1116
810 1117
1082 1118
206 1119
430 1120
329 1121
495 1122
1057 1123
968 1124
404 1125
1010 1126
483 1127
793 1128
52 1129
976 1130
545 1131
1022 1132
488 1133
1032 1134
325 1135
673 1136
344 1137
303 1138
1065 1139
135 1140
1007 1141
969 1142
1053 1143
911 1144
931 1145
835 1146
183 1147
577 1148
199 1149
68 1150
750 1151
892 1152
914 1153
1068 1154
658 1155
298 1156
724 1157
170 1158
94 1159
732 1160
971 1161
1048 1162
535 1163
632 1164
888 1165
649 1166
544 1167
586 1168
331 1169
998 1170
493 1171
1151 1172
1151 1173
295 1174
29 1175
635 1176
575 1177
215 1178
778 1179
180 1180
639 1181
1034 1182
314 1183
534 1184
584 1185
1122 1186
674 1187
1099 1188
1102 1189
618 1190
44 1191
886 1192
462 1193
649 1194
1018 1195
346 1196
6 1197
48 1198
59 1199
631 1200
626 1201
236 1202
257 1203
209 1204
461 1205
1089 1206
517 1207
804 1208
477 1209
597 1210
405 1211
554 1212
86 1213
454 1214
1070 1215
109 1216
83 1217
188 1218
284 1219
717 1220
811 1221
406 1222
215 1223
373 1224
862 1225
171 1226
267 1227
790 1228
676 1229
1100 1230
677 1231
888 1232
389 1233
302 1234
795 1235
330 1236
1211 1237
112 1238
931 1239
262 1240
453 1241
684 1242
995 1243
564 1244
758 1245
735 1246
7 1247
21 1248
320 1249
326 1250
555 1251
1087 1252
190 1253
119 1254
846 1255
718 1256
1248 1257
1023 1258
323 1259
763 1260
734 1261
293 1262
991 1263
606 1264
469 1265
700 1266
368 1267
442 1268
164 1269
225 1270
1099 1271
1026 1272
775 1273
920 1274
92 1275
1004 1276
526 1277
531 1278
269 1279
1153 1280
13 1281
834 1282
133 1283
679 1284
325 1285
1065 1286
1057 1287
1153 1288
917 1289
254 1290
403 1291
602 1292
1011 1293
73 1294
579 1295
1047 1296
108 1297
532 1298
1096 1299
488 1300
391 1301
921 1302
1084 1303
266 1304
541 1305
439 1306
727 1307
968 1308
581 1309
753 1310
356 1311
896 1312
553 1313
870 1314
784 1315
34 1316
496 1317
843 1318
751 1319
867 1320
286 1321
750 1322
1267 1323
1210 1324
924 1325
851 1326
948 1327
330 1328
473 1329
649 1330
734 1331
401 1332
365 1333
500 1334
151 1335
974 1336
913 1337
102 1338
74 1339
1050 1340
1134 1341
894 1342
645 1343
31 1344
230 1345
227 1346
1156 1347
548 1348
1239 1349
464 1350
1234 1351
318 1352
781 1353
1016 1354
875 1355
1280 1356
1190 1357
650 1358
418 1359
956 1360
274 1361
279 1362
709 1363
1002 1364
1216 1365
5 1366
402 1367
864 1368
479 1369
126 1370
449 1371
715 1372
1186 1373
181 1374
215 1375
1301 1376
347 1377
997 1378
993 1379
1326 1380
874 1381
1017 1382
406 1383
1312 1384
774 1385
675 1386
520 1387
389 1388
427 1389
136 1390
46 1391
198 1392
1096 1393
1298 1394
147 1395
1318 1396
577 1397
672 1398
50 1399
318 1400
478 1401
809 1402
861 1403
1197 1404
682 1405
876 1406
1081 1407
726 1408
603 1409
314 1410
253 1411
717 1412
652 1413
1367 1414
763 1415
515 1416
671 1417
948 1418
1064 1419
758 1420
1146 1421
679 1422
1305 1423
1222 1424
903 1425
1359 1426
912 1427
634 1428
1211 1429
153 1430
709 1431
336 1432
1066 1433
787 1434
510 1435
771 1436
1434 1437
760 1438
564 1439
423 1440
1210 1441
1201 1442
399 1443
874 1444
806 1445
503 1446
764 1447
665 1448
535 1449
1374 1450
89 1451
1162 1452
791 1453
1264 1454
364 1455
606 1456
1175 1457
50 1458
990 1459
228 1460
568 1461
276 1462
1437 1463
921 1464
995 1465
1148 1466
1239 1467
1178 1468
701 1469
402 1470
1189 1471
1008 1472
778 1473
914 1474
1044 1475
71 1476
138 1477
217 1478
105 1479
398 1480
172 1481
1462 1482
1071 1483
1170 1484
1256 1485
162 1486
349 1487
595 1488
1066 1489
1025 1490
1424 1491
204 1492
1442 1493
470 1494
747 1495
1429 1496
687 1497
1392 1498
391 1499
427 1500
333 1501
1432 1502
1008 1503
943 1504
934 1505
1148 1506
192 1507
1302 1508
150 1509
56 1510
1279 1511
512 1512
56 1513
1000 1514
846 1515
943 1516
690 1517
1121 1518
623 1519
451 1520
1304 1521
417 1522
346 1523
533 1524
547 1525
1065 1526
188 1527
601 1528
1194 1529
714 1530
577 1531
120 1532
401 1533
1391 1534
388 1535
237 1536
105 1537
169 1538
1002 1539
1403 1540
787 1541
852 1542
781 1543
981 1544
1347 1545
400 1546
1203 1547
798 1548
997 1549
441 1550
1061 1551
840 1552
52 1553
1429 1554
275 1555
500 1556
604 1557
473 1558
875 1559
107 1560
1406 1561
369 1562
725 1563
1353 1564
805 1565
1071 1566
1442 1567
907 1568
991 1569
214 1570
709 1571
462 1572
1321 1573
171 1574
991 1575
799 1576
267 1577
278 1578
216 1579
633 1580
374 1581
103 1582
1021 1583
470 1584
1489 1585
250 1586
1493 1587
238 1588
1405 1589
1267 1590
936 1591
1254 1592
810 1593
732 1594
688 1595
1399 1596
530 1597
530 1598
22 1599
443 1600
1476 1601
808 1602
313 1603
1581 1604
1229 1605
884 1606
1132 1607
1160 1608
1467 1609
362 1610
950 1611
1125 1612
567 1613
53 1614
228 1615
353 1616
1141 1617
1244 1618
716 1619
704 1620
127 1621
186 1622
104 1623
28 1624
1596 1625
382 1626
517 1627
682 1628
591 1629
696 1630
1146 1631
64 1632
1470 1633
429 1634
340 1635
987 1636
1318 1637
1121 1638
548 1639
1309 1640
1479 1641
704 1642
446 1643
101 1644
1395 1645
435 1646
636 1647
443 1648
1514 1649
1242 1650
1613 1651
879 1652
18 1653
165 1654
1266 1655
1149 1656
738 1657
636 1658
1364 1659
1324 1660
513 1661
1039 1662
618 1663
551 1664
1170 1665
405 1666
1585 1667
527 1668
1127 1669
667 1670
139 1671
232 1672
991 1673
164 1674
1499 1675
430 1676
129 1677
434 1678
332 1679
1195 1680
640 1681
1394 1682
1573 1683
828 1684
1463 1685
835 1686
929 1687
1448 1688
1025 1689
1346 1690
1002 1691
1428 1692
1178 1693
66 1694
1313 1695
1217 1696
382 1697
909 1698
1472 1699
257 1700
295 1701
1215 1702
826 1703
33 1704
311 1705
903 1706
1573 1707
881 1708
1077 1709
489 1710
1423 1711
1072 1712
1328 1713
917 1714
621 1715
1655 1716
459 1717
486 1718
1321 1719
1460 1720
293 1721
1326 1722
1044 1723
1171 1724
869 1725
1220 1726
1301 1727
1540 1728
846 1729
1341 1730
1497 1731
1721 1732
378 1733
885 1734
635 1735
171 1736
188 1737
1683 1738
1413 1739
1184 1740
1061 1741
929 1742
309 1743
330 1744
1134 1745
445 1746
1200 1747
132 1748
81 1749
220 1750
276 1751
697 1752
1722 1753
1047 1754
673 1755
1576 1756
1586 1757
379 1758
1326 1759
1647 1760
546 1761
565 1762
985 1763
853 1764
1398 1765
302 1766
1421 1767
261 1768
1647 1769
1551 1770
1425 1771
1117 1772
1749 1773
1022 1774
482 1775
162 1776
609 1777
616 1778
1366 1779
24 1780
1640 1781
532 1782
572 1783
5 1784
1480 1785
1471 1786
101 1787
536 1788
1415 1789
1021 1790
1381 1791
134 1792
265 1793
372 1794
570 1795
1247 1796
1501 1797
68 1798
17 1799
870 1800
1553 1801
327 1802
406 1803
814 1804
696 1805
1292 1806
602 1807
1682 1808
1158 1809
179 1810
542 1811
241 1812
1391 1813
528 1814
1758 1815
1354 1816
522 1817
365 1818
502 1819
185 1820
1408 1821
1365 1822
129 1823
1289 1824
439 1825
669 1826
784 1827
1156 1828
469 1829
484 1830
467 1831
1432 1832
1706 1833
237 1834
1200 1835
898 1836
886 1837
1365 1838
637 1839
1603 1840
170 1841
325 1842
520 1843
150 1844
682 1845
1657 1846
82 1847
331 1848
1832 1849
1261 1850
1475 1851
485 1852
368 1853
617 1854
126 1855
1482 1856
209 1857
134 1858
1104 1859
512 1860
510 1861
1015 1862
1450 1863
270 1864
755 1865
1270 1866
963 1867
1525 1868
1430 1869
178 1870
1505 1871
107 1872
1363 1873
1519 1874
1694 1875
1324 1876
436 1877
845 1878
922 1879
1108 1880
660 1881
770 1882
561 1883
385 1884
437 1885
801 1886
735 1887
675 1888
1104 1889
1024 1890
1796 1891
294 1892
1794 1893
512 1894
309 1895
9 1896
1735 1897
726 1898
218 1899
1775 1900
1845 1901
411 1902
510 1903
740 1904
167 1905
843 1906
1294 1907
1015 1908
1353 1909
247 1910
855 1911
823 1912
126 1913
796 1914
1664 1915
1796 1916
1596 1917
1787 1918
1498 1919
302 1920
690 1921
676 1922
1905 1923
251 1924
1673 1925
55 1926
648 1927
1042 1928
211 1929
1480 1930
1434 1931
808 1932
866 1933
725 1934
1474 1935
650 1936
1925 1937
1109 1938
1311 1939
815 1940
1865 1941
599 1942
1180 1943
302 1944
1322 1945
898 1946
670 1947
663 1948
1230 1949
953 1950
1608 1951
1209 1952
1176 1953
1147 1954
1036 1955
904 1956
5 1957
1376 1958
509 1959
623 1960
861 1961
1380 1962
1892 1963
1772 1964
896 1965
1269 1966
1046 1967
1442 1968
676 1969
742 1970
1720 1971
976 1972
1177 1973
83 1974
922 1975
1741 1976
466 1977
1073 1978
501 1979
62 1980
268 1981
1370 1982
894 1983
803 1984
651 1985
810 1986
1495 1987
36 1988
1015 1989
8 1990
1780 1991
390 1992
1770 1993
973 1994
60 1995
529 1996
850 1997
75 1998
50 1999
1307 2000
88 121
898 226
43 248
1714 272
464 289
1924 310
1609 321
1982 322
1215 328
902 339
200 380
695 410
1253 412
262 415
1343 447
1863 452
1720 490
1022 497
1506 498
533 504
690 506
127 507
1575 523
1798 539
1427 540
573 560
1026 573
1880 580
1297 593
1285 598
1541 624
1381 627
1645 643
1131 678
1341 685
10 686
364 689
979 693
1856 702
1174 706
1764 719
1265 721
1244 722
765 731
317 733
1212 745
1204 746
1901 752
960 756
972 766
255 767
1956 773
623 780
1014 782
1702 783
1332 789
1546 792
1582 797
1803 800
1432 802
1473 807
1530 824
638 829
1436 837
226 838
1647 842
1135 844
1495 847
888 848
1092 863
1125 865
1874 868
1339 872
1109 873
1896 877
943 880
1022 891
181 895
1613 908
922 916
1881 918
1717 927
415 930
1703 933
438 938
102 942
1791 947
768 949
985 954
1517 955
1897 957
1519 961
1703 962
1650 967
337 978
103 979
517 1014
1532 1020
845 1031
764 1035
1373 1038
1627 1040
875 1041
1501 1045
1810 1052
1232 1063
811 1067
1757 1076
613 1078
114 1079
1427 1088
1381 1092
1550 1093
769 1097
1754 1101
389 1103
1051 1107
882 1111
1782 1116
1060 1124
1030 1135
1648 1136
301 1139
189 1150
1671 1152
316 1154
568 1155
1934 1161
1922 1163
1246 1165
455 1173
682 1181
73 1191
876 1193
633 1196
1644 1214
572 1218
742 1224
593 1225
24 1226
1479 1228
1139 1233
1261 1236
1898 1241
362 1245
535 1246
891 1249
1864 1251
551 1252
1262 1253
1241 1271
425 1272
691 1273
462 1277
1597 1278
363 1284
1520 1286
520 1288
872 1291
662 1296
1256 1297
1966 1300
1092 1308
1008 1310
320 1315
73 1316
20 1317
1820 1320
329 1323
496 1327
358 1334
1071 1339
19 1343
815 1349
1270 1351
671 1352
593 1358
197 1360
1999 1372
623 1373
539 1377
630 1378
1035 1382
500 1383
1361 1386
1825 1387
1475 1389
1358 1390
1335 1396
1764 1400
790 1407
205 1409
1087 1420
837 1422
1226 1427
1935 1445
348 1451
1334 1468
615 1469
949 1477
1115 1481
1457 1486
947 1490
1109 1496
323 1507
1546 1508
453 1511
1080 1512
1523 1515
979 1516
1002 1520
1229 1522
1214 1524
1621 1532
1421 1542
699 1543
139 1545
652 1546
869 1548
1979 1549
727 1552
1757 1559
1699 1560
73 1562
770 1568
515 1571
368 1579
36 1580
859 1583
1675 1584
838 1588
1667 1591
1363 1592
1085 1595
1142 1597
1702 1602
1850 1607
657 1616
71 1617
122 1627
826 1632
1819 1634
1119 1637
1010 1638
68 1639
1267 1643
951 1650
727 1652
621 1653
1337 1654
1054 1662
740 1665
1064 1667
1160 1669
1035 1672
819 1675
769 1676
86 1695
259 1696
571 1697
972 1698
1603 1699
585 1701
82 1703
377 1705
908 1709
86 1710
424 1711
472 1715
586 1717
1922 1719
873 1723
1542 1724
1473 1742
543 1744
910 1746
849 1750
1285 1752
23 1753
480 1755
197 1756
42 1759
1497 1761
688 1762
1586 1765
446 1778
878 1782
435 1785
545 1788
1597 1789
686 1791
780 1793
1082 1795
1884 1798
459 1802
261 1803
1256 1805
427 1806
1436 1808
35 1810
576 1813
1543 1814
230 1815
1943 1819
149 1822
632 1824
962 1833
354 1834
355 1835
1680 1836
1127 1837
721 1839
493 1843
1682 1854
1690 1855
394 1856
1835 1866
326 1867
1678 1871
1208 1872
804 1878
837 1879
388 1881
366 1883
226 1884
1778 1885
1321 1888
414 1895
1783 1896
1248 1901
724 1911
1029 1914
460 1915
1581 1916
1932 1917
1280 1920
1325 1921
1959 1926
248 1948
1713 1951
1060 1952
1865 1953
575 1955
1489 1956
1872 1959
1314 1963
883 1968
1813 1969
224 1970
346 1971
851 1973
1069 1974
136 1975
498 1977
831 1978
78 1981
1087 1984
1210 1990
1277 1992
734 1994
1046 1995
589 1996
1046 2000
33 472
463 904
584 234
1891 1047
603 165
1809 1905
1591 1453
1144 1755
313 1645
1034 671
165 1893
1300 1413
1305 889
1427 1195
632 795
1871 76
1432 27
1901 609
1267 991
319 1973
1518 838
748 829
1131 18
905 1400
992 777
420 417
1518 793
149 1771
1774 314
396 622
1772 1007
1536 1115
703 407
803 1223
290 1606
686 675
793 562
554 508
15 1436
355 1720
1597 1159
933 887
882 1346
1831 1583
1982 1944
594 638
17 1593
1193 300
1707 36
1578 368
1052 786
1385 1230
121 1444
1849 509
1293 4
1218 621
964 431
1666 1076
12 287
1089 839
622 1467
691 1267
1589 1404
1226 1956
1585 532
1772 1053
535 1118
365 1020
1861 906
1176 1155
911 1627
1807 1085
581 166
38 1485
124 1986
1955 823
132 1951
256 907
1933 834
943 1375
1765 548
36 1105
1351 366
1563 1122
373 1912
127 1749
1207 488
1767 1002
1734 1535
215 1742
771 1982
277 555
423 1657
438 58
634 658
1 1916
487 1430
1545 1226
1554 1101
454 1903
272 1971
1455 1651
373 289
1837 842
1775 885
559 1837
917 1927
1900 1386
1592 201
1519 1897
1646 279
615 1789
1958 1061
50 223
881 687
259 888
149 861
1827 220
561 1394
1151 655
1305 639
1690 687
1331 969
17 1293
139 578
685 554
313 1667
255 189
1467 1576
621 1788
539 1924
1545 317
1163 1399
473 1074
885 185
497 1859
723 39
1459 753
1015 672
169 322
26 522
1636 1957
274 510
1676 1310
1607 1236
615 927
565 1415
90 336
1521 521
642 1514
1972 633
1218 198
1898 1814
1915 1572
247 690
313 760
18 1805
1828 1248
1959 1970
1889 489
1414 892
267 1973
1128 1966
1084 426
643 1976
6 523
129 349
1243 288
475 653
367 861
973 1167
1892 25
1681 462
544 1432
869 1951
2000 1501
1680 1663
1903 700
1028 1019
1277 1716
1296 423
1172 136
1361 1388
251 1860
596 723
1168 1326
734 1391
907 1650
808 1892
54 427
887 1048
1518 972
410 1062
407 1540
1793 1791
565 1602
804 1115
1717 155
1363 1669
933 1187
417 4
87 76
1811 1167
9 1317
414 1054
402 1615
1256 287
253 1851
543 1062
1469 84
1550 1085
831 272
942 1496
1342 1997
494 1583
1558 38
180 1495
512 1726
577 956
545 542
1749 6
1358 1842
1748 526
653 285
242 536
510 360
1912 188
439 163
465 1159
736 1479
1236 724
448 1547
51 700
98 1000
460 355
489 186
759 491
565 1585
1659 1640
1837 599
611 1107
1543 1166
1034 1991
728 606
1548 1557
410 505
848 1860
737 1834
1757 1862
1195 1415
51 269
388 1599
941 1099
51 1344
819 980
45 1208
38 1929
899 523
1615 390
1123 229
732 1044
1358 125
1082 1262
238 38
33 853
1186 382
1842 561
1240 833
1162 673
17 1009
1988 552
1902 1646
839 1231
1040 1318
1099 1826
1892 202
1598 1559
240 1337
1167 746
510 1177
1757 1609
1706 1911
1273 1398
1889 1093
1115 1859
748 870
1609 1672
1753 1646
485 617
876 610
724 1702
313 1224
1909 992
300 779
1242 356
1445 1435
519 1485
690 163
963 1691
1988 1925
1691 1419
285 946
1804 867
919 1499
54 1173
214 284
1267 821
1751 1475
1600 1209
441 55
1554 1562
1096 1754
955 599
1348 1957
468 1643
121 1601
431 1518
1662 1970
1303 1017
869 713
358 380
1360 272
697 391
235 374
558 1966
1276 430
1439 1507
1099 779
501 1789
592 554
600 421
1395 1940
1002 995
1098 681
1465 1644
1741 1357
1533 1740
1078 1282
1736 836
1783 1509
1500 915
793 1051
986 1216
650 328
1747 1718
85 293
1204 210
1897 124
822 1042
607 1706
1691 1727
372 1749
1389 741
1516 1337
1388 1091
932 1209
1113 690
955 532
635 1396
1979 809
662 374
853 713
695 1137
1968 752
1620 1719
383 546
1372 70
711 1921
1091 333
868 1907
686 463
627 1351
1535 1179
639 978
1468 1947
554 1257
860 462
1190 507
135 985
1824 1554
1661 833
1423 1345
1870 870
1777 1315
402 1014
1136 631
477 1127
1357 1573
373 956
352 378
1479 1299
575 1138
426 933
1524 531
1272 1148
1867 1426
746 455
1982 521
438 1332
300 1454
368 1053
1245 1160
1619 870
1649 1613
188 1247
1718 101
1363 60
1921 1476
66 1329
975 1407
1556 249
1450 1129
1595 1382
1208 1925
985 851
189 1609
468 1614
706 1165
627 1537
1838 397
1226 388
1178 835
1318 312
1345 276
340 1755
455 1683
1598 1033
10 1195
145 72
113 1029
316 1882
1309 1871
239 1397
737 1813
1292 835
267 1516
369 1597
264 609
1224 1089
1653 42
1950 936
606 966
548 489
481 976
1862 1117
73 1643
719 479
1372 255
1042 1761
156 1682
1057 1984
1520 1206
1722 253
697 744
1489 1236
1957 1418
520 161
515 30
1088 1400
1642 1339
397 776
451 1327
3 1025
1527 1018
170 82
1647 1023
344 1868
257 1237
559 1670
857 1132
388 508
1384 203
886 386
510 1882
1142 1345
1018 1913
317 1834
1616 1982
449 1331
1007 1511
286 518
45 1952
536 1898
809 1080
1428 757
1940 207
633 367
728 220
922 333
1954 1811
148 874
503 1312
874 1186
55 1326
1594 173
1082 508
1586 1436
1165 61
365 1236
1225 1692
1455 529
1572 1901
1597 726
435 521
900 741
1491 1360
1314 859
581 1639
1473 899
288 575
1934 227
1989 1140
1838 1068
1389 854
446 333
1217 1588
1731 1970
1376 218
1623 814
1960 760
779 1915
493 532
1943 1831
1752 1148
59 1006
1457 68
1607 32
1622 1727
772 1383
838 968
1709 1373
1719 150
1822 1768
1794 1393
1706 1383
469 783
744 1249
1425 1794
237 1500
188 1526
1143 347
561 121
1671 771
96 1705
737 1180
283 153
1665 981
231 859
1217 20
1687 156
631 809
1597 551
1948 14
1826 1880
1416 1167
705 1172
1765 926
109 1156
1950 1305
166 847
1508 1135
632 1976
450 1973
1187 107
1469 364
1607 1446
1101 1443
1804 1298
77 355
1810 1592
1712 758
26 607
1015 785
893 382
1802 1086
1423 779
1602 819
1531 1789
1864 1990
619 444
1320 1122
886 1392
384 228
1582 1875
1359 1074
610 1869
1842 1354
1485 608
1877 594
1121 104
872 859
1737 1583
1430 355
594 739
279 1244
883 29
8 581
1586 1801
105 463
251 960
548 931
1059 179
923 1990
270 1929
1503 1857
1885 80
1566 1398
568 114
1861 688
26 1231
412 1393
446 1068
1098 1302
1155 1384
1814 1886
733 450
1969 1911
1914 1939
506 532
358 1911
388 1344
323 462
1233 203
1479 1418
623 735
797 323
787 1724
1948 328
1248 1372
1030 1881
540 1828
289 1615
1519 835
1162 1867
1271 1468
232 299
1531 1335
1124 1092
